Day fraction since midnight on 	pH probe (pH)
0.604724993	8.633444786
0.604736561	8.637719154
0.604748123	8.639353752
0.604759716	8.640787125
0.604771285	8.639352799
0.60478284	8.642551422
0.604794425	8.641517639
0.604805999	8.64480114
0.604817581	8.645236969
0.604829146	8.64382267
0.604840714	8.644182205
0.604852288	8.645530701
0.604863877	8.64354229
0.604875443	8.64593029
0.604887024	8.640852928
0.6048986	8.644080162
0.604910186	8.640625954
0.604921754	8.64021492
0.604933311	8.641456604
0.604944875	8.649094582
0.604956466	8.650083542
0.604968026	8.645137787
0.604979612	8.645106316
0.604991183	8.642311096
0.60500277	8.641479492
0.60501434	8.638987541
0.605025895	8.639469147
0.605037467	8.638105393
0.605049059	8.638114929
0.605060616	8.638251305
0.6050722	8.64354229
0.60508377	8.643436432
0.60509534	8.637377739
0.605106915	8.642557144
0.60511851	8.640481949
0.605130059	8.641771317
0.605141634	8.642680168
0.605153216	8.645033836
0.605164787	8.646067619
0.605176361	8.646949768
0.605187946	8.644213677
0.605199521	8.64380455
0.605211089	8.643177033
0.605222684	8.641242981
0.605234245	8.641661644
0.605245818	8.642442703
0.605257386	8.643902779
0.605268959	8.644865036
0.605280528	8.641616821
0.605292115	8.646377564
0.605303673	8.645051956
0.605315245	8.644798279
0.605326841	8.63832283
0.605338394	8.644205093
0.605349982	8.638667107
0.605361558	8.641221046
0.605373126	8.63231945
0.605384708	8.626581192
0.605396281	8.639925003
0.60540784	8.636116982
0.605419424	8.64738369
0.605431003	8.650811195
0.605442572	8.636122704
0.605454158	8.643265724
0.605465718	8.639863014
0.605477282	8.647763252
0.60548886	8.640363693
0.605500451	8.637804031
0.605512006	8.642613411
0.605523589	8.64583683
0.605535156	8.645608902
0.605546728	8.644113541
0.605558331	8.647508621
0.605569873	8.645395279
0.605581462	8.647624016
0.605593022	8.642384529
0.605604596	8.644790649
0.605616187	8.635989189
0.605627763	8.641487122
0.605639325	8.644533157
0.605650905	8.641511917
0.605662477	8.646015167
0.605674083	8.645708084
0.605685633	8.646363258
0.605697215	8.642510414
0.605708786	8.647399902
0.605720358	8.647208214
0.605731932	8.653273583
0.605743491	8.643881798
0.605755076	8.646144867
0.605766662	8.649120331
0.605778207	8.646921158
0.605789793	8.642522812
0.605801355	8.643368721
0.605812934	8.646497726
0.605824504	8.648756027
0.605836085	8.648728371
0.605847667	8.645886421
0.605859247	8.648436546
0.605870809	8.649429321
0.605882392	8.65177536
0.605893949	8.645784378
0.605905529	8.643850327
0.6059171	8.653290749
0.605928671	8.646605492
0.60594027	8.651855469
0.605951829	8.649380684
0.605963406	8.642599106
0.605974992	8.640145302
0.605986546	8.646209717
0.605998136	8.651234627
0.606009706	8.6491642
0.606021271	8.647795677
0.606032853	8.648665428
0.606044419	8.64444828
0.606055985	8.640440941
0.60606756	8.64618206
0.606079146	8.648490906
pump starts	
0.606090739	8.65290165
0.606102308	8.651075363
0.606113855	8.64656353
0.606125452	8.64757061
0.60613703	8.641489983
0.606148579	8.641498566
0.606160152	8.647429466
0.606171738	8.646080017
0.606183299	8.647240639
0.606194897	8.64009285
0.60620645	8.640830994
0.606218034	8.622882843
0.606229627	8.631381035
0.606241185	8.434352875
0.606252761	8.233703613
0.606264323	8.144820213
0.606275922	8.207576752
0.606287476	8.232539177
0.606299058	8.157217979
0.606310619	8.123728752
0.6063222	8.155535698
0.606333765	8.135403633
0.606345368	8.137373924
0.606356932	8.142106056
0.6063685	8.113585472
0.606380077	8.107338905
0.606391645	8.124190331
0.606403211	8.123641014
0.606414783	8.158389092
0.606426361	8.13284111
0.60643794	8.146315575
0.606449534	8.129528046
0.606461098	8.133628845
0.606472664	8.096587181
0.606484244	8.132927895
0.606495807	8.120615959
0.606507404	8.133286476
0.606518965	8.149331093
0.606530529	8.117756844
0.606542109	8.12643528
0.606553669	8.090801239
0.606565259	8.1329422
0.606576836	8.138525009
0.606588428	8.106230736
0.606599978	8.098023415
0.606611561	8.098210335
0.606623128	8.108715057
0.606634702	8.128330231
0.606646271	8.097421646
0.606657849	8.112709999
0.606669423	8.082113266
0.606680986	8.08059597
0.606692588	8.094744682
0.606704144	8.11141777
0.606715711	8.123075485
0.606727303	8.123452187
0.606738858	8.138075829
0.60675046	8.075728416
0.606762009	8.081429482
0.60677362	8.115297318
0.60678516	8.097112656
0.606796725	8.140622139
0.606808307	8.082290649
0.606819888	8.081820488
0.606831465	8.071185112
0.60684305	8.133979797
0.606854629	8.069951057
0.606866172	8.113379479
0.606877763	8.101138115
0.606889318	8.086720467
0.606900904	8.089351654
0.606912497	8.101317406
0.606924067	8.09321022
0.606935638	8.120041847
0.606947193	8.104609489
0.606958763	8.035161018
0.606970356	7.890271664
0.606981913	7.930262566
0.606993491	7.944488049
0.60700507	7.953717232
0.607016675	7.986208439
0.607028222	7.996919155
0.607039794	7.91282177
0.607051381	7.937822819
0.60706295	7.956638336
0.607074542	7.965613365
0.607086096	7.939124107
0.607097651	7.946566582
0.607109239	7.979162693
0.6071208	7.957871437
0.607132401	7.985633373
0.607143961	7.986500263
0.607155549	8.012742996
0.607167109	7.981559277
0.607178682	8.039505959
0.607190253	7.98282814
0.607201838	7.998567104
0.60721342	8.029111862
0.607224981	7.996039391
0.607236549	7.983007431
0.607248125	8.06137085
0.607259712	7.987223625
0.607271303	8.034308434
0.607282859	8.043451309
0.60729443	8.072879791
0.607306014	8.042097092
0.607317586	8.10273838
0.607329153	8.053632736
0.607340713	8.051383019
0.607352307	8.04311657
0.607363868	8.054538727
0.607375456	8.046960831
0.607387002	8.061798096
0.607398597	8.071652412
0.607410171	8.09194088
0.607421751	8.049811363
0.607433317	8.081611633
0.607444876	8.061963081
0.607456469	8.076058388
0.60746802	8.078030586
0.607479625	8.072211266
0.607491186	8.073055267
0.607502777	8.099031448
0.607514332	8.071051598
0.607525913	8.046058655
0.607537509	8.029483795
0.607549063	8.057897568
0.607560625	8.048480988
0.607572204	8.056394577
0.607583779	8.069232941
0.607595381	8.070011139
0.60760693	8.037835121
0.607618514	8.033768654
0.607630071	8.050979614
0.607641648	8.039495468
0.607653215	8.074390411
0.607664812	8.059072495
0.607676383	8.062319756
0.607687942	8.023620606
0.607699505	8.015713692
0.607711102	8.053462029
0.607722687	8.084695816
0.607734249	8.067477226
0.607745803	8.006152153
0.607757372	8.009145737
0.607768956	8.02033329
0.607780534	8.030294418
0.60779212	8.041205406
0.60780369	8.022943497
0.607815264	8.05730629
0.60782685	8.014097214
0.6078384	8.035328865
0.607849975	8.028459549
0.607861561	8.04107666
0.60787312	8.032913208
0.607884732	8.038205147
0.607896272	8.041646004
0.607907862	8.039642334
0.607919436	8.043759346
0.607931002	8.033064842
0.60794259	8.000775337
0.607954176	8.010344505
0.607965728	7.996945858
0.607977311	8.056131363
0.607988875	8.04404068
0.608000427	8.027664185
0.608012009	8.000563622
0.608023587	7.971262455
0.608035182	7.979625702
0.608046724	8.036995888
0.60805833	8.025938988
0.608069874	8.052116394
0.608081447	8.03081131
0.608093033	8.035770416
0.608104625	8.001066208
0.608116169	7.979163647
0.608127747	8.001921654
0.608139321	8.014304161
0.608150893	8.015151024
0.608162483	8.026945114
0.608174055	7.992608547
0.608185633	7.989426613
0.6081972	8.018545151
0.608208781	7.992817402
0.608220348	8.009174347
0.608231915	8.014326096
0.60824349	8.017206192
0.608255071	8.00357151
0.608266657	8.004552841
0.60827823	7.97461462
0.608289781	8.016087532
0.608301376	8.034574509
0.608312934	8.010894775
0.608324501	8.010271072
0.608336082	8.002883911
0.608347655	7.96658802
0.608359237	7.982880592
0.608370807	7.997664928
0.608382382	8.005843163
0.608393947	8.002254486
0.608405545	8.003689766
0.608417108	7.970914841
0.60842867	8.007562637
0.608440246	7.981498241
0.60845183	8.024265289
0.608463391	7.948506832
0.608474967	7.980688572
0.608486552	7.992013454
0.608498121	8.013299942
0.608509696	7.955709934
0.608521265	7.98107338
0.60853286	8.000151634
0.608544414	8.020940781
0.608556009	7.997519493
0.608567563	7.976821423
0.608579175	7.961692333
0.608590723	7.911574841
0.608602293	7.943231106
0.608613875	7.983453274
0.608625449	7.988029003
0.608637001	8.009683609
0.6086486	7.981940746
0.608660168	7.971057892
0.608671745	7.952546597
0.608683319	7.983692169
0.608694871	7.975364685
0.608706463	7.986773491
0.608718029	7.997252941
0.608729604	7.96654892
0.60874118	7.983364105
0.608752743	7.964148521
0.608764329	7.973945141
0.60877592	7.944639683
0.608787466	7.954627037
0.608799041	7.981583595
0.60881062	7.970376968
0.608822207	7.970673084
0.608833776	7.958616734
0.608845348	7.948274136
0.608856935	7.971278191
0.608868502	7.94647789
0.608880075	7.971308708
0.608891652	7.98605299
0.608903206	7.979257107
0.608914784	7.963749409
0.608926365	7.946276665
0.608937929	7.928337574
0.608949529	7.994892597
0.608961077	7.947845459
0.608972664	7.975221634
0.608984238	7.965254307
0.60899582	7.977571964
0.609007389	7.93025732
0.609018971	7.960857868
0.609030533	7.927516937
0.609042115	7.947530747
0.609053695	7.958153248
0.609065262	7.966187954
0.609076825	7.952569008
0.6090884	7.939006329
0.609099964	7.915703297
0.609111542	7.943465233
0.60912313	7.919071198
0.609134697	7.911183834
0.609146284	7.944756031
0.60915785	7.959225178
0.609169409	7.936920166
0.609180985	7.926849365
0.609192557	7.920035362
0.609204149	7.927616119
0.609215708	7.958044529
0.609227312	7.962133408
0.609238857	7.937200069
0.609250432	7.948852539
0.609262016	7.942741394
0.609273593	7.923232555
0.609285193	7.92834425
0.609296734	7.938443661
0.609308298	7.945809841
0.609319899	7.941177368
0.609331466	7.944638252
0.609343041	7.915849686
0.609354594	7.8830266
0.609366168	7.882084847
0.609377745	7.8901124
0.609389322	7.921007156
0.609400892	7.915708065
0.609412475	7.863063335
0.609424042	7.910322666
0.609435631	7.891301155
0.609447204	7.932922363
0.609458762	7.944943428
0.609470342	7.936739922
0.609481933	7.911230087
0.609493514	7.936003685
0.609505059	7.900207996
0.609516645	7.927903175
0.609528229	7.913067341
0.609539781	7.91761446
0.609551354	7.927309036
0.609562927	7.944431782
0.609574521	7.901015282
0.609586109	7.903624535
0.609597655	7.892568111
0.609609225	7.898262978
0.609620813	7.903618336
0.6096324	7.939644814
0.609643976	7.922646046
0.609655551	7.935100555
0.609667126	7.928271294
0.609678686	7.904901505
0.609690256	7.892184258
0.609701848	7.879051685
0.609713389	7.882726193
0.609724997	7.891950131
0.609736552	7.855496883
0.60974813	7.845510483
0.609759686	7.839747906
0.609771272	7.875573158
0.609782866	7.847133637
0.609794411	7.877418518
0.609806007	7.909712791
0.609817556	7.909404755
0.60982914	7.922830582
0.609840704	7.89670229
0.609852293	7.904630184
0.609863857	7.861086369
0.60987546	7.89462328
0.609887015	7.884943962
0.609898578	7.903912067
0.609910178	7.902570248
0.60992174	7.887972832
0.60993333	7.894104958
0.609944896	7.880090237
0.609956462	7.88968277
0.609968044	7.921227932
0.609979622	7.880884171
0.609991199	7.90430069
0.610002756	7.87683773
0.610014348	7.867518902
0.610025898	7.859120846
0.610037495	7.896577835
0.610049037	7.874191761
0.610060641	7.879572868
0.610072186	7.852581024
0.610083788	7.888701916
0.610095351	7.867824554
0.610106923	7.870615959
0.610118486	7.812740803
0.610130064	7.85395813
0.610141673	7.771594524
0.61015321	7.831283569
0.61016478	7.812412739
0.610176383	7.845488548
0.610187948	7.897725582
0.610199528	7.938519001
0.610211094	7.894747734
0.610222648	7.821269035
0.610234231	7.799572468
0.610245805	7.806443214
0.610257374	7.786673546
0.610268968	7.792122364
0.610280545	7.789786339
0.610292106	7.814297676
0.610303691	7.79402113
0.610315272	7.811691284
0.610326835	7.787891865
0.610338409	7.837015629
0.610349974	7.806972981
0.610361559	7.848845005
0.610373117	7.867060185
0.610384701	7.863148212
0.610396286	7.87362957
0.610407843	7.873385906
0.610419435	7.841189385
0.610431011	7.830232143
0.610442564	7.839898586
0.610454136	7.81716919
0.610465707	7.858651638
0.610477295	7.836372376
0.610488861	7.858752251
0.610500444	7.851091862
0.610512027	7.847146511
0.610523592	7.82933712
0.610535174	7.844380856
0.610546755	7.821857452
0.610558306	7.883422852
0.610569871	7.848458767
0.610581476	7.878350258
0.610593032	7.8296175
0.610604614	7.828720093
0.610616208	7.828429222
0.610627754	7.838845253
0.610639334	7.834659576
0.61065092	7.855798245
0.610662472	7.819869518
0.610674043	7.860235691
0.610685613	7.812883854
0.610697204	7.836943626
0.610708779	7.826366425
0.610720336	7.879389286
0.610731923	7.856081486
0.610743485	7.851828575
0.610755089	7.821128845
0.61076663	7.866799355
0.61077823	7.816632271
0.610789802	7.832854271
0.610801367	7.86413002
0.610812955	7.867727757
0.610824504	7.842813969
0.610836099	7.851230145
0.610847648	7.846191406
0.610859223	7.831038952
0.610870801	7.804717064
0.610882372	7.819212914
0.610893965	7.820582867
0.610905546	7.832184315
0.610917092	7.838602066
0.610928694	7.833943844
0.610940274	7.843636036
0.610951831	7.810583115
0.61096341	7.818836689
0.610974985	7.831323624
0.610986539	7.842282295
0.610998114	7.84289217
0.611009715	7.840114594
0.61102128	7.804132462
0.61103285	7.811545849
0.611044434	7.805099964
0.611055983	7.798436642
0.611067585	7.810222626
0.61107913	7.844399929
0.611090723	7.82653141
0.61110228	7.815695763
0.611113855	7.806846619
0.611125439	7.823657036
0.61113703	7.79399538
0.611148577	7.800253868
0.611160153	7.796439171
0.611171738	7.857149124
0.611183318	7.81939745
0.611194875	7.827922821
0.611206459	7.797300339
0.611218021	7.812420845
0.611229593	7.788776875
0.611241187	7.822083473
0.611252756	7.793612003
0.611264315	7.824236393
0.611275901	7.79829216
0.611287491	7.79440546
0.611299061	7.786523819
0.611310629	7.776788235
0.611322216	7.784688473
0.611333793	7.828295231
0.611345351	7.819791317
0.611356927	7.815795422
0.6113685	7.803561688
0.611380073	7.798321724
0.611391649	7.81215477
0.611403232	7.812812328
0.611414822	7.811300278
0.611426384	7.800989628
0.611437951	7.809792996
0.611449513	7.789944649
0.611461073	7.804423332
0.611472653	7.7933321
0.611484239	7.8166008
0.6114958	7.800876141
0.611507401	7.800471306
0.611518975	7.7616539
0.611530528	7.791323185
0.611542122	7.794354916
0.611553673	7.807248116
0.61156524	7.804089546
0.611576824	7.790838242
0.611588394	7.706634522
0.611599974	7.785424709
0.611611566	7.782455921
0.611623137	7.766924381
0.611634687	7.782921314
0.611646278	7.791283131
0.611657849	7.779448986
0.611669423	7.79215765
0.611680991	7.76871109
0.61169257	7.778975487
0.611704151	7.777011871
0.611715716	7.792476654
0.611727288	7.745089531
0.611738867	7.782523155
0.611750435	7.759769917
0.611762018	7.7849617
0.611773605	7.779596329
0.611785165	7.796571255
0.611796753	7.761604786
0.611808297	7.770608902
0.611819881	7.74861908
0.611831466	7.785263062
0.61184304	7.78162241
0.611854611	7.786872864
0.611866167	7.767510414
0.611877763	7.776478291
0.611889332	7.764997959
0.611900893	7.77715826
0.611912462	7.763433456
0.611924048	7.775959492
0.611935622	7.776842594
0.611947184	7.767901421
0.61195876	7.77700901
0.611970344	7.748722553
0.611981921	7.781785965
0.6119935	7.767930031
0.612005086	7.759057522
0.61201666	7.765252113
0.612028225	7.778440952
0.612039786	7.754682064
0.612051364	7.762709141
0.612062917	7.749175549
0.612074516	7.770568371
0.612086091	7.780552387
0.612097666	7.793040752
0.612109221	7.779358387
0.612120808	7.765319347
0.612132383	7.736163616
0.612143934	7.756466389
0.612155533	7.73984623
0.612167119	7.742108345
0.612178667	7.741281986
0.612190285	7.771224976
0.612201846	7.745927334
0.612213407	7.760228157
0.612225004	7.752242565
0.612236548	7.774126053
0.612248143	7.738779545
0.612259711	7.769705772
0.612271291	7.743529797
0.612282849	7.775880814
0.612294423	7.752492428
0.612306001	7.762132645
0.612317588	7.739347935
0.612329147	7.752063751
0.612340723	7.740942478
0.612352277	7.754559994
0.612363853	7.746904373
0.612375445	7.760172367
0.612387017	7.757591724
0.612398594	7.734401226
0.612410154	7.760313511
0.612421742	7.727991104
0.612433297	7.762386322
0.612444874	7.743959427
0.612456454	7.745772839
0.612468036	7.761003017
0.612479622	7.736186028
0.612491207	7.750668526
0.612502743	7.731497288
0.612514322	7.761564732
0.612525891	7.723112106
0.612537488	7.573372841
0.612549053	7.462923527
0.612560632	7.684733391
0.612572211	7.76524353
0.612583791	7.758148193
0.612595366	7.759302616
0.612606935	7.738528252
0.612618508	7.749576569
0.612630088	7.721010685
0.612641645	7.747667313
0.612653222	7.74538374
0.612664788	7.74613905
0.612676352	7.730566979
0.612687946	7.764921665
0.612699531	7.706430912
0.612711083	7.722215176
0.612722652	7.764547348
0.612734238	7.776778698
0.612745802	7.732884407
0.612757371	7.760764122
0.612768949	7.715188503
0.612780537	7.731429577
0.612792095	7.721719742
0.612803691	7.760442734
0.612815272	7.708181381
0.612826846	7.738957405
0.612838387	7.703722477
0.612849976	7.688281536
0.612861558	7.715929508
0.612873116	7.730614662
0.612884707	7.720630169
0.612896263	7.73584652
0.612907852	7.729530335
0.612919409	7.729104519
0.61293098	7.729146004
0.61294257	7.719871521
0.612954161	7.723184586
0.612965714	7.757627487
0.612977287	7.728027821
0.612988852	7.698698521
0.613000452	7.736444473
0.613012011	7.711596489
0.613023586	7.736227512
0.613035173	7.733719349
0.613046751	7.728748322
0.613058297	7.72397995
0.613069891	7.710594177
0.613081483	7.709776878
0.613093046	7.733658791
0.613104613	7.715876102
0.613116185	7.735440731
0.613127745	7.703746319
0.613139339	7.716053963
0.61315092	7.696069717
0.613162473	7.721277237
0.613174035	7.707075596
0.613185622	7.734796047
0.613197189	7.698184967
0.613208763	7.7236166
0.613220344	7.696429253
0.613231913	7.712656498
0.613243487	7.683372974
0.613255067	7.701482773
0.613266645	7.712281704
0.613278215	7.7269907
0.613289795	7.686974049
0.613301353	7.696939945
0.613312926	7.681547165
0.613324521	7.714027405
0.613336102	7.701573372
0.613347648	7.697648525
0.613359229	7.687294006
0.613370803	7.680598736
0.613382389	7.683011055
0.613393961	7.703884602
0.613405547	7.70253849
0.61341711	7.691271782
0.613428687	7.696674347
0.613440259	7.693912029
0.613451826	7.685204983
0.61346339	7.69657898
0.613474989	7.693202019
0.613486567	7.702123165
0.613498127	7.688284874
0.613509712	7.678949356
0.613521282	7.692173004
0.613532843	7.702852726
0.613544424	7.705378056
0.613555996	7.703679562
0.613567554	7.682806015
0.613579173	7.668054581
0.613590724	7.667048931
0.613602291	7.695829392
0.613613863	7.689623833
0.613625439	7.674676895
0.61363701	7.688352585
0.613648601	7.666503429
0.61366018	7.694604874
0.613671753	7.673257351
0.613683316	7.682433605
0.613694884	7.678129673
0.613706471	7.689850807
0.613718049	7.689121246
0.613729617	7.671877384
0.613741173	7.684000492
0.613752757	7.677935123
0.61376433	7.679553509
0.613775891	7.701621056
0.613787464	7.655073166
0.613799035	7.651885986
0.613810629	7.665531635
0.613822202	7.693928719
0.61383377	7.672346592
0.613845338	7.713891983
0.61385692	7.681478977
0.613868511	7.693524361
0.613880075	7.669600487
0.613891644	7.680696487
0.613903234	7.655245781
0.61391478	7.696156025
0.613926357	7.669558525
0.613937924	7.650495052
0.613949531	7.670174122
0.613961093	7.678152084
0.61397265	7.682262898
0.613984237	7.671293259
0.613995819	7.63417244
0.614007383	7.678693295
0.614018964	7.657577992
0.614030546	7.667716026
0.614042103	7.645363331
0.614053672	7.658086777
0.614065248	7.627486229
0.614076815	7.629740715
0.614088418	7.652845383
0.614099981	7.645535946
0.614111567	7.659209251
0.614123137	7.641880512
0.614134704	7.65034008
0.614146281	7.62714386
0.614157853	7.652478218
0.614169424	7.633954525
0.614181013	7.659870148
0.614192573	7.654299259
0.614204146	7.632152081
0.614215717	7.648794174
0.614227296	7.664352417
0.614238851	7.639282227
0.614250424	7.64497757
0.61426201	7.647013187
0.614273587	7.635365486
0.614285156	7.615149498
0.614296739	7.639560223
0.614308316	7.659048557
0.614319887	7.657393932
0.614331443	7.617298603
0.614343018	7.640472889
0.614354592	7.61350584
0.614366196	7.628361225
0.614377759	7.61230278
0.614389342	7.641952992
0.614400899	7.60982132
0.614412463	7.614711762
0.614424057	7.609084129
0.614435638	7.649960041
0.614447201	7.621871948
0.614458757	7.631537914
0.614470348	7.626675129
0.614481923	7.607875824
0.614493482	7.607500553
0.614505062	7.617675781
0.614516632	7.612817764
0.614528231	7.620883942
0.614539787	7.633719921
0.614551381	7.622999668
0.614562934	7.608110428
0.614574503	7.585422993
0.614586083	7.616818905
0.614597646	7.595023155
0.614609226	7.620916843
0.61462081	7.60045433
0.614632374	7.603682041
0.614643947	7.59001112
0.614655542	7.607726097
0.614667091	7.596724987
0.614678693	7.590183735
0.614690252	7.604372501
0.61470182	7.598978519
0.614713406	7.578710079
0.614724964	7.59213829
0.614736546	7.591983795
0.614748129	7.603619576
0.614759693	7.584579945
0.614771274	7.582939625
0.614782869	7.591081619
0.614794424	7.574820042
0.614806003	7.567642212
0.614817554	7.567910671
0.614829148	7.576467514
0.614840711	7.606154919
0.614852282	7.559632301
0.614863867	7.575668335
0.614875443	7.532599449
0.614887017	7.571423054
0.614898578	7.565280438
0.614910177	7.581076145
0.614921722	7.547727585
0.614933301	7.551817894
0.614944882	7.533080101
0.614956479	7.526015282
0.614968047	7.535933495
0.614979618	7.553648472
0.614991196	7.525267601
0.615002758	7.561599255
0.615014332	7.529108524
0.61502593	7.539524555
0.615037491	7.518399239
0.615049038	7.516282558
0.615060628	7.520541668
0.615072182	7.532807827
0.615083783	7.514063835
0.615095361	7.523102284
0.615106923	7.52258873
0.615118496	7.491142273
0.615130075	7.512579918
0.615141645	7.5204916
0.615153218	7.530762672
0.615164792	7.508309841
0.61517637	7.527226925
0.61518793	7.499758244
0.615199501	7.494814873
0.615211089	7.508257389
0.615222678	7.515127182
0.61523422	7.521849155
0.615245794	7.532615185
0.615257369	7.497326851
0.615268945	7.513990879
0.615280536	7.505169392
0.615292103	7.488285542
0.615303681	7.4981246
0.615315239	7.490680695
0.615326821	7.472824097
0.615338418	7.490614891
0.615349976	7.498121262
0.615361567	7.507338524
0.615373121	7.490282059
0.615396268	7.449649334
0.615407845	7.478189468
0.615419418	7.471949101
0.615430998	7.49599123
0.615442553	7.486531735
0.615454145	7.47361517
0.615465734	7.468327522
0.61547729	7.483764648
0.615488861	7.480879784
0.615500445	7.470561028
0.61551201	7.464452267
0.615523602	7.49051857
0.615535166	7.479207993
0.615546749	7.506207466
0.615558294	7.495464325
0.615569881	7.517745018
0.615581463	7.462550163
0.615593034	7.466310978
0.615604635	7.468603611
0.615616164	7.475177288
0.615627745	7.483665943
0.615639331	7.500011921
0.615650897	7.48072958
0.615662475	7.475207329
0.615674067	7.46701479
0.615685612	7.476434231
0.61569719	7.466632843
0.615708777	7.4735322
0.615720339	7.470000744
0.615731937	7.458043575
0.615743484	7.491316319
0.615755077	7.467637062
0.615766635	7.459366798
0.615778218	7.464594364
0.61578978	7.482644081
0.615801369	7.452876091
0.61581294	7.470840931
0.615824517	7.457957745
0.615836088	7.483075619
0.615847669	7.480893135
0.615859219	7.493312359
0.615870815	7.461236477
0.615882384	7.475044251
0.615893965	7.450662613
0.615905528	7.468711853
0.615917096	7.453841209
0.615928697	7.477085114
0.615940271	7.477626324
0.615951823	7.475946426
0.615963412	7.467318535
0.615974971	7.473824978
0.615986556	7.460223198
0.615998138	7.454946041
0.616009701	7.440984249
0.61602126	7.468072414
0.616032834	7.478888989
0.616044419	7.468995571
0.616056008	7.467273235
0.616067553	7.494212627
0.616079129	7.464745998
0.616090716	7.481473446
0.616102319	7.479243279
0.616113863	7.499372959
0.616125455	7.484523773
0.616137011	7.484964848
0.616148591	7.458556652
0.616160175	7.472777844
0.616171741	7.486006737
0.616183294	7.504138947
0.616194866	7.48561573
0.616206445	7.486571789
0.616218059	7.45851469
0.616229591	7.470499992
0.616241163	7.462305069
0.616252764	7.449268341
0.616264333	7.50955677
0.616275913	7.48477602
0.61628747	7.488231182
0.61629905	7.47063303
0.616310619	7.470891476
0.616322198	7.458763123
0.616333782	7.48550272
0.616345352	7.485953331
0.616356926	7.482076645
0.616368479	7.480742455
0.616380067	7.497610569
0.616391656	7.465075016
0.616403211	7.487028122
0.616414788	7.49577713
0.616426365	7.476028442
0.616437951	7.459040642
0.616449513	7.460238457
0.616461104	7.465508461
0.61647267	7.483428955
0.616484225	7.475734234
0.616495821	7.497014999
0.616507372	7.468007088
0.616518961	7.455723286
0.616530516	7.469896793
0.616542106	7.501530647
0.616553687	7.47576046
0.616565259	7.497707367
0.616576817	7.457890511
0.616588418	7.456923962
0.616599975	7.470898151
0.616611563	7.474529743
0.616623121	7.473495007
0.616634702	7.508666039
0.616646262	7.476037502
0.616657835	7.475252628
0.616669423	7.453109741
0.616680991	7.482402325
0.616692553	7.48029232
0.616704163	7.488306999
0.616715709	7.480072498
0.616727287	7.487857342
0.616738848	7.445231438
0.616750436	7.468950748
0.616762011	7.46871376
0.616773572	7.469002247
0.616785163	7.4810853
0.616796749	7.471369267
0.616808317	7.458269119
0.616819881	7.458107948
0.616831466	7.462457657
0.616843048	7.460693359
0.616854594	7.475037098
0.616866174	7.482659817
0.616877767	7.478008747
0.616889316	7.454754829
0.6169009	7.457970142
0.616912481	7.458857536
0.616924051	7.454049587
0.616935639	7.490145207
0.616947185	7.499358177
0.616958773	7.445664406
0.616970338	7.471494198
0.616981926	7.439977169
0.61699351	7.469871044
0.617005066	7.462567806
0.61701664	7.492164135
0.617028208	7.47628355
0.61703979	7.471578121
0.617051366	7.466874123
0.617062954	7.455695152
0.617074507	7.456765175
0.617086096	7.456383228
0.617097644	7.46974659
0.617109221	7.472033978
0.6171208	7.481987953
0.617132372	7.487615109
0.61714395	7.460477352
0.617155519	7.458810329
0.617167103	7.459385872
0.61717869	7.463386536
0.61719028	7.460811138
0.617201838	7.473550797
0.617213388	7.449992657
0.617224966	7.476154327
0.617236537	7.462861061
0.617248132	7.439687729
0.617259701	7.455066681
0.617271287	7.461260319
0.617282846	7.473275185
0.617294425	7.466578484
0.617305998	7.442677975
0.617317585	7.438737392
0.617329137	7.450349808
0.617340708	7.473768234
0.617352286	7.484614849
0.617363849	7.432126045
0.617375433	7.44172287
0.617387004	7.442886353
0.617398573	7.461214066
0.617410176	7.461404324
0.617421729	7.459733009
0.617433293	7.44570303
0.617444888	7.47499752
0.617456456	7.448281288
0.617468017	7.455796719
0.617479599	7.441318512
0.617491175	7.458669663
0.617502739	7.455849171
0.61751433	7.46843338
0.617525885	7.461070061
0.617537462	7.456699848
0.617549064	7.468300343
0.617560612	7.422895908
0.617572186	7.444402695
0.617583767	7.466469288
0.61759535	7.444573879
0.61760691	7.458990574
0.617618512	7.458201885
0.617630079	7.456784725
0.617641646	7.430613041
0.617653224	7.46903801
0.617664774	7.447999954
0.617676358	7.479986668
0.61768794	7.462237835
0.617699499	7.455906391
0.617711074	7.449035645
0.61772267	7.457536697
0.61773425	7.452800751
0.617745824	7.471824646
0.617757369	7.482135773
0.617768942	7.43200779
0.617780519	7.433024883
0.61779211	7.446774483
0.617803684	7.446839333
0.617815281	7.445428848
0.617826824	7.466221809
0.617838418	7.464949608
0.617849964	7.465647221
0.617861535	7.444178104
0.617873147	7.450717926
0.61788471	7.439033032
0.617896284	7.45977211
0.61790786	7.458723068
0.617919423	7.470923424
0.617930994	7.452229977
0.617942554	7.449666977
0.617954127	7.450981617
0.617965715	7.435977459
0.617977303	7.443723202
0.617988857	7.468681812
0.618000454	7.457349777
0.618011994	7.453389645
0.618023582	7.4427104
0.618035162	7.46389389
0.618046723	7.449002743
0.618058293	7.488669395
0.618069894	7.444240093
0.618081447	7.458632946
0.618093038	7.456250191
0.618104596	7.451370716
0.618116171	7.448122025
0.618127749	7.462539673
0.618139335	7.459300041
0.618150914	7.475301743
0.618162474	7.44897604
0.61817404	7.447082996
0.618185648	7.447458744
0.618197205	7.453174591
0.618208756	7.446414948
0.618220349	7.468744755
0.618231934	7.456066132
0.618243478	7.450517654
0.618255055	7.440510273
0.618266646	7.453773499
0.618278221	7.453336239
0.618289801	7.487771034
0.618301392	7.481888294
0.618312942	7.471949101
0.618324503	7.459375382
0.61833609	7.463755608
0.618347654	7.427730084
0.618359222	7.448933125
0.618370821	7.459913731
0.618382393	7.458405972
0.618393943	7.462025166
0.618405547	7.425064564
0.618417116	7.449501038
0.618428667	7.440107346
0.618440265	7.435007572
0.618451824	7.407839775
0.618463384	7.446769238
0.618474971	7.437033176
0.618486561	7.436780453
0.618498107	7.430938721
0.618509694	7.445995808
0.618521281	7.420789719
0.618532842	7.461271286
0.618544403	7.460419655
0.618555997	7.466759205
0.61856758	7.445996761
0.618579148	7.44452858
0.618590714	7.423480988
0.618602293	7.45279026
0.618613864	7.45094204
0.61862543	7.447803974
0.618636994	7.450138092
0.618648589	7.460510731
0.618660145	7.429399014
0.618671737	7.446344376
0.618683311	7.468601227
0.618694881	7.458221436
0.61870646	7.451119423
0.618718029	7.46826458
0.618729594	7.4290452
0.618741181	7.450825691
0.618752736	7.471990585
0.618764315	7.476997376
0.618775894	7.434247494
0.618787486	7.468094349
0.618799051	7.452969551
0.618810625	7.449718475
0.618822209	7.437728405
0.618833756	7.463102818
0.618845354	7.428654671
0.61885692	7.445209026
0.61886848	7.445708752
0.618880077	7.455229282
0.618891644	7.450108528
0.618903206	7.448675156
0.618914805	7.446858406
0.61892636	7.452441216
0.618937935	7.45257473
0.618949513	7.473570824
0.618961099	7.440742493
0.618972657	7.42179203
0.618984248	7.45468092
0.618995791	7.454962254
0.619007383	7.458443165
0.619018951	7.460596561
0.619030529	7.431587219
0.619042108	7.381393433
0.619053682	7.423014641
0.619065269	7.396772862
0.619076852	7.407487392
0.619088402	7.416048527
0.619099985	7.452574253
0.619111544	7.455415249
0.619123126	7.472801685
0.619134697	7.443772793
0.619146276	7.448307037
0.619157845	7.437272549
0.619169419	7.441878796
0.619180979	7.403841019
0.619192578	7.425840378
0.619204139	7.41473341
0.619215714	7.462788105
0.619227272	7.458387852
0.619238876	7.417062283
0.619250425	7.426145554
0.619262023	7.42261982
0.619273569	7.443309784
0.619285172	7.457487583
0.619296762	7.45073843
0.619308324	7.464809418
0.619319886	7.426943302
0.619331467	7.432140827
0.619343057	7.424806118
0.619354595	7.433671951
0.619366164	7.448715687
0.619377768	7.473636627
0.619389331	7.461479187
0.619400912	7.474491119
0.619412484	7.44220829
0.619424058	7.467600822
0.619435639	7.459621429
0.619447196	7.45174408
0.619458776	7.481122971
0.619470343	7.466128826
0.619481924	7.458692074
0.619493508	7.457412243
0.619505083	7.463807583
0.619516634	7.441161156
0.619528218	7.426231384
0.619539805	7.45859623
0.619551375	7.456953526
0.619562923	7.462412834
0.619574495	7.468185425
0.6195861	7.44831419
0.619597665	7.4418993
0.619609228	7.424852848
0.619620816	7.456597328
0.619632381	7.446825504
0.619643967	7.469558716
0.619655518	7.451512814
0.619667118	7.467344761
0.619678674	7.439067841
0.619690247	7.448101521
0.619701821	7.442451954
0.619713397	7.468709946
0.619724957	7.470116139
0.619736549	7.47039175
0.619748108	7.43858242
0.619759681	7.44214344
0.619771261	7.427111626
0.619782847	7.449090958
0.61979442	7.448626041
0.619806009	7.465857029
0.619817569	7.44595623
0.619829155	7.441384792
0.619840715	7.435578823
0.619852294	7.439956665
0.619863868	7.443564892
0.61987544	7.454957008
0.619886999	7.459167004
0.619898569	7.466600418
0.619910146	7.439399242
0.619921717	7.444139004
0.619933336	7.444419861
0.619944885	7.428414822
0.619956471	7.432659149
0.619968024	7.427609921
0.619979605	7.445363522
0.619991205	7.449857712
0.620002763	7.454865933
0.620014337	7.416779995
0.62002591	7.426482201
0.620037482	7.416436195
0.620049053	7.452126026
0.620060646	7.399991036
0.620072189	7.44789362
0.620083766	7.442958355
0.620095358	7.457377434
0.620106917	7.432511807
0.620118508	7.432524204
0.620130066	7.418282032
0.620141624	7.396101475
0.620153225	7.328766346
0.620164776	7.376977444
0.620176384	7.357094765
0.620187924	7.387821198
0.620199502	7.366686821
0.620211068	7.423618794
0.620222658	7.437703133
0.620234249	7.458499432
0.620245799	7.448661327
0.620257372	7.43660593
0.620268952	7.432086468
0.620280534	7.418501854
0.620292088	7.425664425
0.620303683	7.430011272
0.620315236	7.399517536
0.620326853	7.406898022
0.620338411	7.444664002
0.620349978	7.445595741
0.620361547	7.442664146
0.620373121	7.452025414
0.620384696	7.440615654
0.620396263	7.472121716
0.620407835	7.47164011
0.620419408	7.451673985
0.620431009	7.431677342
0.62044255	7.436131477
0.620454136	7.429362774
0.620465715	7.446033001
0.620477286	7.467103958
0.620488877	7.482086182
0.620500422	7.433852196
0.620512015	7.458844662
0.620523588	7.451896191
0.620535146	7.451047421
0.62054676	7.4120574
0.620558318	7.459891796
0.620569884	7.45354414
0.620581462	7.471762657
0.620593028	7.473481655
0.62060462	7.450370789
0.620616173	7.451576233
0.620627735	7.435547352
0.620639324	7.458142281
0.620650883	7.443561077
0.620662478	7.467159748
0.620674063	7.46317482
0.620685635	7.464012623
0.620697199	7.428378105
0.620708773	7.448046684
0.62072036	7.453253269
0.620731911	7.448654652
0.620743495	7.454824448
0.620755066	7.46610117
0.620766635	7.437385082
0.620778219	7.439668655
0.620789794	7.441539288
0.620801345	7.413582325
0.620812947	7.428519249
0.620824515	7.470618248
0.620836088	7.447328568
0.620847664	7.435716152
0.620859222	7.435607433
0.620870805	7.435195446
0.620882383	7.437569141
0.620893948	7.474069119
0.620905515	7.457945347
0.620917095	7.448673248
0.620928666	7.454428673
0.620940251	7.429077148
0.620951838	7.443327904
0.620963401	7.443802357
0.620974965	7.445170403
0.62098654	7.464795113
0.620998126	7.444383144
0.621009707	7.462636948
0.621021254	7.473509312
0.621032827	7.469191074
0.6210444	7.427015781
0.621056008	7.450171948
0.621067555	7.441477299
0.621079137	7.426303864
0.621090725	7.378918648
0.621102298	7.410531044
0.621113858	7.476014137
0.621125431	7.459153652
0.621137022	7.444900513
0.621148573	7.461727142
0.621160167	7.437793732
0.621171744	7.441397667
0.621183291	7.47712183
0.621194883	7.481956482
0.62120647	7.465815067
0.621218039	7.461974621
0.621229591	7.470231056
0.621241189	7.438577175
0.621252746	7.436060906
0.621264313	7.454824925
0.621275927	7.454055309
0.621287458	7.430478096
0.621299049	7.457255364
0.621310618	7.477373123
0.621322194	7.469713211
0.621333781	7.449865818
0.621345338	7.480069637
0.62135693	7.451566219
0.621368478	7.457514763
0.62138005	7.460942268
0.621391642	7.453389168
0.621403225	7.44835043
0.621414786	7.477332592
0.621426372	7.478765965
0.621437932	7.405267239
0.621449526	7.274589539
0.621461082	7.418551922
0.621472645	7.444738865
0.621484236	7.438371658
0.621495801	7.423427582
0.621507368	7.44963932
0.621518957	7.430531979
0.621530516	7.442900658
0.621542101	7.430566311
0.621553691	7.459846497
0.621565263	7.419073105
0.62157683	7.411653042
0.621588406	7.428331375
0.621599975	7.415409565
0.621611532	7.469677448
0.621623115	7.461978912
0.621634708	7.445081711
0.621646283	7.409708023
0.621657852	7.433345318
0.621669412	7.426501274
0.621680991	7.458543778
0.62169259	7.444737911
0.621704144	7.455435276
0.621715728	7.421434403
0.621727278	7.442994595
0.621738852	7.437253475
0.62175042	7.431543827
0.621761999	7.435855866
0.621773587	7.453909397
0.621785152	7.440298557
0.621796732	7.477752209
0.621808313	7.452607155
0.621819892	7.452157497
0.621831443	7.451374531
0.621843036	7.45630455
0.62185461	7.460289002
0.621866162	7.43699646
0.621877746	7.443234921
0.621889311	7.454953194
0.621900888	7.428207874
0.621912478	7.459901333
0.62192403	7.445521355
0.621935637	7.450526714
0.621947179	7.404447556
0.621958774	7.414180279
0.621970351	7.416141033
0.621981932	7.434706211
0.621993504	7.452311993
0.622005064	7.44670105
0.622016647	7.445084572
0.622028229	7.415624619
0.622039796	7.438569546
0.622051357	7.431091309
0.62206292	7.459524632
0.622074493	7.467935562
0.622086074	7.459898949
0.622097673	7.458098888
0.622109236	7.43017292
0.62212081	7.436608315
0.622132396	7.473458767
0.622143939	7.423645973
0.622155543	7.441397667
0.622167089	7.445090294
0.622178664	7.436050415
0.622190238	7.461116791
0.62220182	7.465977192
0.622213386	7.447433472
0.622224975	7.400076389
0.622236529	7.442074299
0.622248134	7.408310413
0.622259711	7.444190502
0.622271272	7.473351955
0.622282838	7.393862248
0.622294411	7.437909126
0.622305988	7.444552898
0.622317569	7.456542015
0.62232915	7.428753853
0.622340697	7.381991863
0.62235227	7.385805607
0.622363871	7.388448715
0.622375419	7.441672802
0.622387023	7.454606533
0.6223986	7.433907986
0.622410174	7.44884634
0.622421716	7.423513413
0.622433323	7.358657837
0.622444882	7.415979862
0.62245646	7.461652279
0.622468045	7.417014122
0.622479612	7.349734306
0.622491189	7.346038818
0.622502751	7.346745014
0.622514316	7.393474579
0.622525915	7.339059353
0.622537482	6.970442772
0.62254903	6.66437006
0.622560609	6.586944103
0.622572199	6.629318714
0.622583765	7.228469372
0.622595339	7.291392803
0.622606901	7.41756773
0.6226185	7.451740742
0.622630077	7.424018383
0.622641656	7.423232555
0.622653215	7.432000637
0.622664786	7.432088375
0.622676353	7.438231468
0.622687931	7.44268465
0.622699521	7.448866844
0.622711068	7.413140774
0.622722645	7.431790829
0.622734258	7.436132908
0.622745806	7.427171707
0.622757382	7.445638657
0.622768971	7.432957649
0.622780513	7.415793419
0.622792117	7.430945396
0.622803683	7.405752182
0.622815248	7.44565773
0.622826812	7.419275284
0.622838409	7.420559883
0.622849972	7.408116341
0.622861544	7.416719437
0.622873135	7.423668385
0.622884698	7.430652142
0.622896254	7.424734116
0.622907827	7.436208725
0.622919428	7.395571232
0.622930999	7.411472321
0.622942564	7.421043396
0.622954128	7.429099083
0.622965698	7.419863701
0.62297727	7.439801693
0.622988873	7.413213253
0.623000432	7.412565708
0.623012005	7.407641888
0.623023568	7.428939343
0.623035142	7.412299156
0.623046742	7.444616318
0.623058312	7.440981388
0.623069866	7.423404217
0.62308147	7.417359352
0.623093019	7.18887949
0.623104586	7.398144722
0.623116178	7.42334652
0.623127756	7.42203474
0.623139309	7.449092388
0.623150901	7.421368122
0.623162454	7.429514885
0.623174035	7.419610024
0.623185603	7.439907074
0.62319721	7.442232609
0.623208783	7.419249058
0.623220325	7.416956425
0.623231929	7.410224915
0.623243474	7.426809788
0.623255065	7.42027235
0.62326664	7.428003788
0.623278198	7.448860169
0.623289771	7.439592838
0.623301352	7.411721706
0.623312936	7.415886879
0.623324537	7.418516159
0.623336083	7.41418314
0.623347674	7.419827938
0.623359215	7.42713356
0.623370815	7.403551102
0.62338239	7.429357052
0.623393938	7.411895752
0.623405531	7.41190052
0.623417105	7.422607422
0.623428674	7.456348896
0.623440258	7.419011116
0.623451816	7.409035683
0.623463386	7.420450687
0.623474973	7.403079987
0.623486529	7.331165791
0.623498103	7.398108959
0.623509678	7.420547009
0.623521263	7.453781128
0.623532832	7.495482445
0.623544443	7.765983582
0.623555973	8.094249725
0.623567577	8.076033592
0.623579139	8.073420525
0.623590727	8.049561501
0.623602304	8.077210426
0.623613865	8.015377998
0.62362546	8.016785622
0.623636993	8.027619362
0.623648577	7.992231846
0.623660166	8.005558968
0.623671744	8.067702293
0.623683291	8.124136925
0.623694899	8.123439789
0.623706446	8.116094589
0.623718042	8.108688355
0.623729612	8.113821983
0.623741172	8.12129879
0.623752749	8.12057209
0.623764339	8.116218567
0.623775899	8.111388207
0.62378748	8.111527443
0.623799053	8.118402481
0.623810623	8.12526226
0.62382221	8.108592033
0.623833762	8.093093872
0.623845368	8.103919983
0.623856902	8.130853653
0.623868501	8.137475967
0.623880075	8.132397652
0.623891628	8.138813973
0.623903189	8.126579285
0.623914769	8.109253883
0.623926374	8.109289169
0.623937926	8.123078346
0.62394951	8.134777069
0.62396108	8.140415192
0.623972641	8.138976097
0.623984215	8.14985466
0.623995812	8.145723343
0.624007363	8.129270554
0.624018939	8.131196976
0.624030524	8.135109901
0.624042103	8.139432907
0.624053679	8.129341126
0.624065264	8.108699799
0.624076838	8.100157738
0.624088401	8.104156494
0.624099956	8.107187271
0.624111535	8.112830162
0.62412312	8.138734818
0.624134697	8.142782211
0.624146265	8.140960693
0.624157842	8.148788452
0.624169402	8.147031784
0.624180994	8.147810936
0.624192575	8.145758629
0.624204123	8.145723343
0.624215717	8.138459206
0.62422729	8.120148659
0.624238855	8.123586655
0.624250433	8.141145706
0.624261997	8.144630432
0.624273575	8.138216019
0.624285171	8.150317192
0.624296726	8.145905495
0.624308302	8.138701439
0.624319878	8.141857147
0.624331452	8.155353546
0.624343011	8.138376236
0.624354585	8.137319565
0.624366178	8.133675575
0.624377761	8.143314362
0.624389334	8.151330948
0.624400887	8.131580353
0.624412475	8.147889137
0.62442405	8.151665688
0.624435625	8.139255524
0.624447196	8.126560211
0.624458751	8.13451767
0.62447034	8.148673058
0.624481925	8.145157814
0.624493472	8.133332253
0.624505061	8.132465363
0.624516636	8.150949478
0.624528226	8.142755508
0.624539777	8.155562401
0.624551363	8.137648583
0.624562934	8.14296627
0.624574524	8.142650604
0.624586093	8.144586563
0.624597648	8.149110794
0.624609231	8.156661034
0.624620803	8.161170006
0.624632362	8.153772354
0.624643937	8.129220963
0.624655531	8.149386406
0.624667095	8.156289101
0.624678675	8.162656784
0.624690262	8.165694237
0.624701822	8.161233902
0.62471339	8.155990601
0.624724991	8.140100479
0.624736559	8.138625145
0.624748119	8.139118195
0.624759698	8.134699822
0.624771281	8.133174896
0.624782855	8.135878563
0.62479442	8.135156632
0.624805989	8.128930092
0.624817564	8.136180878
0.62482914	8.136483192
0.624840726	8.141670227
0.624852296	8.145700455
0.624863859	8.13911438
0.624875428	8.138729096
0.624887016	8.140828133
0.624898587	8.140980721
0.62491014	8.151721954
0.624921728	8.142205238
0.6249333	8.150259972
0.624944892	8.142385483
0.62495644	8.136345863
0.624968011	8.134313583
0.624979597	8.136082649
0.62499117	8.140888214
0.625002752	8.14996624
0.625014325	8.147129059
0.625025897	8.14414978
0.625037477	8.141378403
0.625049049	8.138644218
0.625060646	8.133338928
0.625072217	8.128321648
0.625083772	8.141974449
0.625095331	8.14627552
0.62510692	8.13536644
0.625118506	8.134263992
0.625130049	8.13513279
0.625141654	8.130615234
0.625153224	8.128957748
0.625164768	8.131756783
0.625176345	8.136241913
0.625187961	8.132681847
0.625199525	8.136356354
0.625211074	8.137850761
0.625222639	8.12403965
0.625234218	8.127666473
0.62524579	8.131341934
0.625257362	8.143561363
0.625268956	8.160193443
0.62528053	8.152075768
0.625292084	8.150745392
0.625303691	8.137042999
0.625315252	8.146016121
0.625326809	8.16664505
0.625338388	8.16815567
0.62534998	8.169583321
0.625361548	8.15221405
0.625373098	8.144120216
0.625384709	8.138191223
0.625396272	8.135782242
0.625407842	8.139835358
0.625419427	8.140888214
0.625430973	8.142352104
0.625442566	8.150800705
0.625454122	8.164933205
0.625465719	8.167886734
0.625477268	8.164072037
0.625488871	8.167226791
0.625500438	8.161198616
0.625511997	8.164936066
0.625523568	8.164823532
0.62553515	8.142916679
0.625546734	8.137487412
0.625558288	8.138404846
0.625569881	8.145981789
0.625581459	8.140803337
0.625593043	8.117742539
0.625604607	8.114419937
0.625616172	8.121936798
0.625627741	8.120575905
0.625639309	8.131276131
0.625650899	8.148415566
0.625662462	8.159732819
0.62567405	8.195689201
0.625685603	8.194134712
0.625697202	8.171312332
0.625708781	8.138020515
0.625720343	8.145396233
0.625731925	8.122154236
0.625743478	8.092880249
0.625755067	8.084430695
0.625766634	8.079214096
0.6257782	8.078513145
0.625789773	8.083379746
0.62580137	8.077480316
0.625812931	8.08246994
0.625824514	8.089902878
0.625836072	8.112574577
0.625847672	8.112304688
0.625859246	8.123642921
0.625870788	8.132142067
0.625882368	8.127441406
0.625893952	8.121296883
0.62590551	8.12298584
0.625917114	8.12057209
0.625928663	8.130290031
0.625940234	8.13365078
0.625951826	8.144411087
0.625963397	8.146979332
0.62597498	8.152710915
0.625986534	8.15840435
0.625998104	8.141702652
0.626009705	8.139680862
0.626021277	8.135361671
0.626032856	8.127289772
0.626044427	8.124159813
0.626055985	8.1221838
0.626067558	8.130760193
0.626079139	8.125741005
0.626090706	8.119633675
0.62610228	8.119911194
0.626113858	8.127275467
0.626125448	8.122169495
0.626137002	8.135461807
0.62614858	8.138542175
0.62616017	8.122614861
0.626171716	8.123851776
0.626183294	8.133159638
0.626194878	8.13451767
0.626206453	8.115969658
0.62621803	8.121500015
0.6262296	8.119868279
0.626241169	8.116934776
0.626252749	8.1209898
0.626264327	8.122243881
0.626275896	8.116116524
0.626287474	8.124891281
0.62629903	8.120616913
0.626310627	8.129122734
0.626322204	8.130933762
0.626333767	8.133318901
0.626345337	8.138910294
0.626356925	8.148633003
0.626368474	8.14511776
0.626380059	8.172627449
0.62639163	8.160126686
0.626403215	8.172404289
0.626414768	8.174568176
0.626426345	8.183115959
0.626437928	8.178127289
0.626449524	8.179613113
0.626461098	8.191815376
0.626472659	8.194863319
0.626484212	8.198854446
0.626495792	8.196050644
0.626507375	8.200713158
0.626518955	8.195615768
0.626530523	8.192507744
0.626542114	8.19153595
0.626553691	8.188576698
0.626565248	8.187545776
0.626576834	8.189518929
0.626588412	8.188374519
0.626599979	8.188912392
0.62661154	8.19015789
0.626623107	8.186066628
0.626634695	8.184905052
0.626646281	8.189601898
0.626657822	8.189517021
0.626669418	8.191393852
0.626680985	8.188954353
0.626692568	8.188515663
0.62670414	8.192113876
0.6267157	8.191320419
0.626727289	8.187036514
0.626738842	8.186877251
0.626750418	8.188405991
0.626762004	8.187808991
0.62677359	8.190691948
0.626785176	8.190582275
0.626796728	8.187781334
0.626808298	8.193888664
0.62681987	8.195563316
0.626831464	8.192134857
0.626843034	8.192698479
0.626854591	8.189867973
0.626866177	8.189594269
0.62687773	8.191386223
0.62688932	8.188789368
0.626900879	8.192734718
0.626912482	8.19029808
0.626924028	8.194358826
0.62693561	8.20523262
0.626947199	8.19742012
0.626958777	8.198994637
0.626970345	8.192451477
0.626981923	8.193201065
0.626993477	7.891006947
0.627005072	6.383255959
0.627016648	8.15814209
0.627028209	8.173569679
0.627039796	6.913170338
0.627051375	5.402579784
0.627062945	7.897167206
0.627074519	8.171191216
0.627086074	8.192864418
0.62709766	8.197642326
0.627109242	8.199062347
0.627120814	8.190061569
0.627132364	8.190878868
0.627143952	8.190361977
0.627155507	8.184615135
0.627167089	8.155972481
0.627178672	8.147266388
0.627190253	8.144240379
0.627201812	8.152066231
0.627213395	8.14904213
0.627224959	8.146290779
0.627236553	8.155785561
0.627248115	8.151875496
0.627259707	8.148126602
0.62727127	8.146022797
0.627282852	8.167385101
0.627294418	8.175234795
0.627306002	8.166684151
0.627317548	8.151176453
0.62732912	8.151967049
0.627340727	8.15943718
0.627352296	8.152043343
0.627363864	8.154641151
0.627375447	8.156459808
0.627387006	8.150067329
0.627398596	8.148989677
0.627410149	8.146854401
0.62742173	8.154026985
0.627433291	8.154066086
0.627444881	8.153460503
0.627456446	8.154188156
0.627468038	8.156108856
0.627479604	8.153101921
0.62749117	8.160990715
0.627502744	8.15708065
0.627514325	8.156989098
0.627525882	8.151067734
0.627537453	8.153226852
0.627549031	8.154350281
0.627560603	8.159955025
0.627572199	8.168300629
0.62758375	8.172316551
0.627595355	8.174180985
0.62760692	8.175982475
0.627618502	8.112540245
0.62763006	8.109843254
0.62764162	8.114284515
0.627653215	8.115962029
0.62766478	8.115674019
0.627676354	8.120653153
0.627687921	8.117507935
0.627699497	8.119485855
0.627711084	8.117869377
0.627722638	8.119218826
0.627734224	8.118617058
0.627745809	8.117753029
0.627757384	8.115799904
0.62776895	8.111139298
0.627780529	8.110012054
0.627792083	8.107316017
0.627803684	8.096927643
0.627815246	6.844305992
0.627826823	5.097235203
0.627838391	4.809001923
0.62784996	4.37266779
0.62786153	4.255457401
0.627873124	4.028692246
0.627884698	3.771082401
0.627896273	3.733005285
0.627907825	3.68981123
0.627919414	3.583622456
0.627930997	4.45228529
0.627942569	4.892064095
0.627954133	4.917982578
0.627965705	4.921355724
0.627977269	4.890504837
0.62798887	4.904309273
0.628000436	4.889618397
0.62801199	4.915215492
0.628023579	4.932250023
0.62803514	4.929242611
0.628046713	4.921580315
0.628058295	4.913763523
0.628069863	4.90439558
0.628081463	4.897460938
0.628093036	4.899729729
0.628104603	5.074862003
0.628116186	5.017927647
0.628127772	4.851202011
0.628139335	4.855441093
0.628150884	4.817946911
0.628162483	4.800489426
0.628174047	4.80313158
0.628185625	4.798743725
0.628197188	4.79671526
0.628208777	4.800618649
0.628220355	4.801039219
0.628231927	4.80088377
0.628243484	4.800724983
0.628255046	4.809176922
0.628266619	4.794450283
0.628278196	5.432629108
0.628289797	5.52166605
0.628301368	5.5309062
0.628312917	5.522250652
0.628324488	5.528563976
0.628336075	5.526572228
0.628347658	5.531032085
0.628359232	5.534454346
0.628370814	5.535465717
0.628382361	5.539341927
0.628393934	5.538405895
0.628405507	5.538662911
0.628417098	5.542815685
0.628428676	5.541597366
0.628440258	5.546437264
0.628451809	5.540901184
0.628463399	5.541854382
0.628474971	5.544857502
0.628486537	5.546000958
0.62849813	5.545724392
0.62850968	5.544072628
0.628521279	5.541037083
0.628532846	5.541142941
0.628544429	5.538738251
0.62855597	5.540598869
0.628567565	5.542241573
0.628579152	5.543426514
0.628590732	5.541174412
0.628602289	5.542831898
0.628613873	5.547469139
0.628625433	5.547528267
0.628636989	5.543123722
0.628648582	5.540489197
0.628660157	5.542330742
0.628671725	5.540723324
0.628683312	5.545040608
0.628694861	5.521671295
0.628706453	5.508883953
0.628718011	5.4926548
0.628729609	5.663200855
0.628741167	5.546591282
0.628752762	5.464499474
0.628764307	5.639321327
0.628775877	5.36919117
0.628787472	5.436984539
0.628799056	5.477261066
0.628810627	5.490160942
0.628822189	5.472635746
0.628833751	5.494033814
0.628845339	5.496665001
0.628856897	5.499533653
0.628868485	5.495019436
0.628880066	5.48425293
0.628891626	5.482786655
0.628903209	5.480853558
0.62891478	5.480152607
0.628926373	5.482222557
0.628937935	5.479557037
0.628949531	5.477617264
0.628961067	5.475382328
0.628972654	5.477323055
0.628984221	5.476043224
0.628995786	5.478625298
0.629007381	5.480156422
0.629018938	5.480336666
0.629030521	5.476000309
0.629042103	5.475307465
0.629053674	5.472762108
0.629065242	5.476191044
0.629076836	5.477270603
0.6290884	5.475980282
0.629099957	5.48077631
0.629111529	5.484836578
0.629123102	5.482055187
0.629134693	5.483300209
0.629146254	5.480187416
0.629157843	5.482668877
0.62916941	5.480648994
0.62918097	5.475651264
0.629192573	5.479961395
0.629204163	5.479460239
0.629215693	5.479236603
0.629227291	5.47506237
0.629238865	5.476546288
0.629250433	5.474636555
0.629262009	5.476615429
0.629273588	5.476387501
0.629285137	5.471123219
0.629296715	5.473243237
0.629308316	5.473601818
0.62931988	5.474340916
0.62933144	5.475495815
0.629343009	5.475342274
0.629354589	5.474961281
0.629366166	5.47313261
0.629377758	5.469167233
0.62938933	5.468986034
0.629400907	5.475029469
0.629412466	5.474069595
0.629424025	5.478017807
0.629435604	5.478431702
0.629447177	5.476832867
0.629458776	5.476438522
0.629470343	5.474870682
0.629481915	5.47539568
0.629493502	5.473565579
0.629505059	5.47283268
0.629516634	5.472671509
0.62952821	5.473877907
0.629539798	5.47287941
0.629551351	5.472293377
0.629562933	5.471255779
0.629574499	5.472114086
0.629586088	5.471457481
0.629597654	5.469980717
0.629609231	5.469577789
0.629620804	5.467494965
0.629632363	5.473236084
0.62964395	5.476417542
0.62965553	5.47740078
0.62966708	5.48200655
0.629678655	5.478185654
0.629690248	5.480020046
0.629701824	5.473695278
0.629713392	5.469288349
0.629724969	5.473437309
0.629736551	5.465118408
0.629748144	5.461498737
0.62975969	5.460684776
0.629771257	5.457988739
0.629782848	5.45855999
0.629794413	5.462241173
0.629805999	5.462001801
0.629817571	5.456468582
0.629829137	5.453095436
0.629840723	5.45443964
0.62985228	5.455841065
0.629863854	5.452230454
0.62987543	5.452474117
0.62988699	5.454229355
0.629898572	5.454282761
0.629910145	5.456780911
0.629921719	5.45817852
0.629933311	5.455908775
0.62994486	5.453518868
0.629956456	5.447303295
0.629968027	5.445968628
0.629979598	5.445274353
0.629991171	5.447455883
0.630002741	5.4509058
0.630014309	5.447581291
0.630025897	5.448237896
0.630037455	5.454069138
0.630049031	5.450011253
0.630060599	5.447074413
0.630072206	5.452444553
0.630083759	5.452878475
0.630095351	5.451609612
0.6301069	5.450080395
0.630118495	5.448836327
0.630130069	5.451330662
0.630141624	5.452032089
0.630153199	5.453061104
0.630164787	5.447865009
0.630176359	5.44794178
0.630187916	5.449326515
0.63019949	5.444970608
0.630211064	5.421940804
0.630222659	5.007568359
0.630234222	4.774762631
0.630245792	4.727118492
0.630257377	4.873281479
0.630268965	4.882125378
0.630280515	4.826173782
0.630292102	4.601022244
0.630303678	4.60040617
0.630315237	4.600044727
0.630326822	4.601768971
0.63033839	4.59858036
0.630349983	4.602089882
0.630361553	4.600629807
0.630373101	4.607943058
0.630384687	4.598999977
0.630396246	4.59564209
0.630407854	4.595092297
0.630419417	4.59398365
0.630431002	4.59357214
0.630442565	4.593066692
0.630454142	4.593381882
0.630465722	4.592311382
0.63047728	4.593134403
0.630488865	4.592701912
0.630500419	4.592356682
0.63051201	4.592425823
0.630523588	4.592441082
0.630535149	4.592611313
0.630546722	4.592079163
0.630558304	4.591891766
0.630569857	4.591758251
0.630581434	4.591785908
0.630593028	4.59176302
0.630604612	4.591648579
0.630616169	4.59126091
0.630627729	4.591547966
0.630639336	4.591329098
0.630650904	4.591266155
0.630662464	4.591850758
0.630674027	4.591228008
0.630685629	4.59057045
0.6306972	4.591721058
0.630708779	4.590992451
0.630720351	4.590760231
0.630731914	4.590920925
0.630743481	4.590690613
0.630755075	4.590638638
0.630766617	4.590380192
0.630778209	4.59046936
0.630789766	4.590377331
0.630801379	4.590449333
0.630812917	4.590157509
0.630824509	4.590267658
0.630836073	4.590095043
0.630847662	4.590096474
0.630859243	4.589897633
0.630870786	4.589848518
0.630882378	4.589805126
0.630893938	4.589765072
0.630905527	4.589303017
0.630917102	4.58962965
0.630928665	4.589735985
0.630940242	4.589515209
0.630951808	4.589299202
0.63096338	4.589401722
0.630974954	4.588829994
0.630986558	4.588887215
0.630998098	4.596018791
0.6310097	4.590908527
0.631021276	4.591215611
0.63103282	4.589529038
0.631044414	4.58886385
0.631055986	4.588739395
0.631067574	4.588492394
0.631079161	4.588083744
0.631090703	4.588665962
0.63110228	4.588419437
0.631113867	4.588000298
0.63112543	4.587796688
0.631137007	4.587623596
0.631148583	4.587844849
0.631160168	4.587436199
0.631171711	4.586910248
0.631183296	4.587022305
0.631194865	4.587095261
0.631206463	4.586876392
0.631218019	4.586988449
0.631229609	4.58657217
0.631241187	4.586489677
0.631252741	4.586513996
0.631264303	4.586134434
0.631275894	4.585921764
0.631287483	4.586103916
0.631299025	4.585887432
0.631310628	4.58606863
0.631322175	4.585727692
0.631333786	4.585708618
0.631345338	4.585563183
0.631356928	4.585914612
0.631368481	4.585068226
0.631380047	4.585708141
0.631391622	4.584849358
0.631403212	4.584951401
0.631414795	4.584895611
0.631426372	4.584420204
0.631437924	4.584321976
0.631449517	4.584544182
0.631461067	4.584506035
0.631472666	4.584067822
0.631484231	4.584115982
0.631495792	4.583914757
0.631507376	4.584117889
0.631518945	4.58358717
0.631530529	4.58374691
0.631542123	4.583522797
0.631553655	4.583315849
0.631565245	4.58258152
0.631576808	4.583076477
0.63158838	4.582882881
0.631599971	4.582656384
0.631611568	4.582595825
0.631623115	4.582454681
0.631634676	4.582353592
0.631646246	4.582246304
0.631657839	4.582258701
0.631669415	4.581888199
0.631680984	4.582177639
0.631692554	4.581902504
0.631704137	4.581612587
0.631715703	4.581701279
0.631727286	4.581756115
0.631738844	4.581522465
0.631750442	4.581465721
0.631761994	4.581297398
0.631773578	4.581096172
0.631785142	4.581087112
0.631796729	4.58099699
0.6318083	4.580989838
0.631819858	4.580709934
0.631831437	4.580276966
