Day fraction since midnight on 	pH probe (pH)
0.632039785	4.578337193
0.632051353	4.57884407
0.632062922	4.57798481
0.632074507	4.578276157
0.632086086	4.578144074
0.63209766	4.577861309
0.632109222	4.577951431
0.632120798	4.577546597
0.632132377	4.57797432
0.632143938	4.577866077
0.632155535	4.577744007
0.632167099	4.577376843
0.632178661	4.578993321
0.632190244	4.590256214
0.632201824	4.578057289
0.632213393	4.576710224
0.632224961	4.59064436
0.632236525	4.542777062
0.63224811	4.473175049
0.632259699	4.668193817
0.632271268	4.733419895
0.63228282	4.824481487
0.632294425	4.919344902
0.63230598	5.032108784
0.632317541	5.09642458
0.632329149	5.130679607
0.632340704	5.150423527
0.632352276	5.177392006
0.632363864	5.184666157
0.632375423	5.184600353
0.632386992	5.195791245
0.63239858	5.192659855
0.63241016	5.222251892
0.632421735	5.288181305
0.632433312	5.201746464
0.632444889	5.225256443
0.632456433	5.216386795
0.63246803	5.207324505
0.632479609	5.221032143
0.632491168	5.230621338
0.632502739	5.226306915
0.632514313	5.26080513
0.63252589	5.28109932
0.632537461	5.299208164
0.632549053	5.33064127
0.632560612	4.114977837
0.632572172	4.348733425
0.632583755	4.734292984
0.632595339	4.902901173
0.632606894	4.987516403
0.632618467	5.04877615
0.632630067	5.110516548
0.632641623	5.173139572
0.632653198	5.199395657
0.632664794	5.233381748
0.632676369	5.252096653
0.632687939	5.262943268
0.632699503	5.26922369
0.632711061	5.278228283
0.632722652	5.285851002
0.632734238	5.186389923
0.632745807	5.200783253
0.632757367	5.196501255
0.632768944	5.171215534
0.632780514	5.254089832
0.632792099	5.26665163
0.632803672	5.231224537
0.632815235	5.15864706
0.632826804	5.36310339
0.632838402	5.28421402
0.63284997	5.20584774
0.632861522	5.199419498
0.632873126	5.221483231
0.632884672	5.268737316
0.632896262	5.218565941
0.632907835	5.283382893
0.632919402	5.234378815
0.632930993	5.303776741
0.632942542	5.325842857
0.632954142	5.379505158
0.632965704	5.373869419
0.632977265	5.512163639
0.632988844	5.536524296
0.633000415	5.581682682
0.633012019	5.602184296
0.633023575	5.684875488
0.633035165	5.721252918
0.63304673	5.848269939
0.633058283	5.829198837
0.633069876	5.867943764
0.633081432	5.866422653
0.633139304	6.129445553
0.633150876	6.117593288
0.63316249	6.209773541
0.633174024	6.259236336
0.633185619	6.268861294
0.633197182	6.257810593
0.63320875	6.285136223
0.633220333	6.293890953
0.633231901	6.543454647
0.633243468	6.395001411
0.633255042	6.407416821
0.633266635	6.496435165
0.633278202	6.507253647
0.633289779	6.548130989
0.633301344	6.584302425
0.633312917	6.64390564
0.633324497	6.662929535
0.633336061	6.709754944
0.633347662	6.753582001
0.63335921	6.773059368
0.633370799	6.816624641
0.633382375	6.893097878
0.633393937	6.901962757
0.633405515	6.964641094
0.633417111	6.973546505
0.633428696	7.00506115
0.633440257	7.012326241
0.633451814	7.062216282
0.633463411	7.046973705
0.633474964	7.075989246
0.633486555	7.05411768
0.633498119	7.074218273
0.63350969	7.06070137
0.633521257	7.101957321
0.633532836	7.064321041
0.633544412	7.101385593
0.633555992	7.083895207
0.633567556	7.12145853
0.63357913	7.087890625
0.633590715	7.122701645
0.633602268	7.101802826
0.633613865	7.164563179
0.633625416	7.150709152
0.633636987	7.167792797
0.633648567	7.142522812
0.633660179	7.181126118
0.633671718	7.190723419
0.633683294	7.198725224
0.633694872	7.183325768
0.633706434	7.193036079
0.633718015	7.194171906
0.633729612	7.215300083
0.633741179	7.182941437
0.633752745	7.195252895
0.633764301	7.203003407
0.633775875	7.198886395
0.633787459	7.169156075
0.633799035	7.207378864
0.633810626	7.199247837
0.633822172	7.205462933
0.633833763	7.202400208
0.633845319	7.221163273
0.633856896	7.213669777
0.633868467	7.201885223
0.633880043	7.219335079
0.633891643	7.194724083
0.633903215	7.231786251
0.633914766	7.215231895
0.633926353	7.19079876
0.633937941	7.194249153
0.633949486	7.242325783
0.633961073	7.223968983
0.633972642	7.208954811
0.633984212	7.232665539
0.633995786	7.343063355
0.634007377	7.183390141
0.634018946	7.403610706
0.634030504	7.217811585
0.634042081	7.24288559
0.634053682	7.222350121
0.634065246	7.259571552
0.634076811	7.227536202
0.634088398	7.254725933
0.634099967	7.234185219
0.634111532	7.232311726
0.63412314	7.207919598
0.63413467	7.232703686
0.634146275	7.214463711
0.634157819	7.2286129
0.634169393	7.222906113
0.634180984	7.220127106
0.634192563	7.200762272
0.634204119	7.224054813
0.634215708	7.192955971
0.634227286	7.212373734
0.634238861	7.183315754
0.63425042	7.192826748
0.634262008	7.163692951
0.634273583	7.178474426
0.634285163	7.152621269
0.634296708	7.178108215
0.634308299	7.157382011
0.634319862	7.158008575
0.634331459	7.141087532
0.634343021	7.160455704
0.634354611	7.136153221
0.634366179	7.155241966
0.634377741	7.11318922
0.634389305	7.132693291
0.6344009	7.126419544
0.634412463	7.133423805
0.634424029	7.105121613
0.634435625	7.112244606
0.63444719	7.121770859
0.634458747	7.093656063
0.634470338	7.121522427
0.634481909	7.118508816
0.634493487	7.090877533
0.634505071	7.081030846
0.634516633	7.125005245
0.634528222	7.104229927
0.634539797	7.090199471
0.634551354	7.061835289
0.634562929	7.069928169
0.634574492	7.029709816
0.63458609	7.074907303
0.634597655	7.059727669
0.634609233	7.055141926
0.634620785	7.031782627
0.634632378	7.06640482
0.634643957	7.022406101
0.634655508	7.071209908
0.634667078	7.025628567
0.634678657	7.030377388
0.634690246	7.017535687
0.634701802	7.033267975
0.634713375	7.01200676
0.634724967	7.01973486
0.63473655	6.991341591
0.634748117	6.993086815
0.634759685	6.991053104
0.634771284	6.991595745
0.634782822	6.97165823
0.634794414	6.969259262
0.634805968	6.954035759
0.634817549	6.966400623
0.634829116	6.976957321
0.634840731	6.964034081
0.634852277	6.94321394
0.634863864	6.960125923
0.634875441	6.937094212
0.634886999	6.957182884
0.634898571	6.946536064
0.634910138	6.940370083
0.634921726	6.935192108
0.634933287	6.956317425
0.634944879	6.935122013
0.634956432	6.935277462
0.634968034	6.941442013
0.634979593	6.921167374
0.634991166	6.922783852
0.635002726	6.932104111
0.635014313	6.924567223
0.635025904	6.915790081
0.635037473	6.920297623
0.635049047	6.904808044
0.635060604	6.936316967
0.635072215	6.92044735
0.635083747	6.901872635
0.635095335	6.899968147
0.635106906	6.921488762
0.635118466	6.883729458
0.635130071	6.917589188
0.635141645	6.883836746
0.635153234	6.90226078
0.635164788	6.883419991
0.635176356	6.916128159
0.635187912	6.86234951
0.635199514	6.882966995
0.635211082	6.863304138
0.63522265	6.889879227
0.635234228	6.872367859
0.635245785	6.868477821
0.635257388	6.852797508
0.63526893	6.869672298
0.635280527	6.842922688
0.635292081	6.851802349
0.635303671	6.829001904
0.635315244	6.831292152
0.6353268	6.810472488
0.635338395	6.842756748
0.635349954	6.808895588
0.635361548	6.835810661
0.635373124	6.81221199
0.635384684	6.797841549
0.635396278	6.800142765
0.635407824	6.815343857
0.635419412	6.800725937
0.635430997	6.795321465
0.63544256	6.792078495
0.635454124	6.789036751
0.635465709	6.782863617
0.635477286	6.784526825
0.635488835	6.771759987
0.635500414	6.784779549
0.635512003	6.776299954
0.635523561	6.7971735
0.635535167	6.79046154
0.635546728	6.776599884
0.6355583	6.757757664
0.63556987	6.771778107
0.63558144	6.755881786
0.635593025	6.724367619
0.635604596	6.753461838
0.635616183	6.723945141
0.635627751	6.7208848
0.635639312	6.704926491
0.63565089	6.707547665
0.635662476	6.677758694
0.635674052	6.703613281
0.6356856	6.679483891
0.635697177	6.716755867
0.63570875	6.690469265
0.635720333	6.703863621
0.6357319	6.692162514
0.635743472	6.720739365
0.635755059	6.707589626
0.635766625	6.739593029
0.635778195	6.704755783
0.635789793	6.707754135
0.635801372	6.700623035
0.635812933	6.732038021
0.635824493	6.694937706
0.635836073	6.727731228
0.635847658	6.706988335
0.635859249	6.701756477
0.635870787	6.695732117
0.635882359	6.698387146
0.635893948	6.685225487
0.635905532	6.689231396
0.635917081	6.668066502
0.635928666	6.681326866
0.635940261	6.669946671
0.635951834	6.66008997
0.635963383	6.6546278
0.635974955	6.676790714
0.635986527	6.652793884
0.635998103	6.678339958
0.636009694	6.670305252
0.636021268	6.642905235
0.636032832	6.689194202
0.636044414	6.693931103
0.636055991	6.653714657
0.636067556	6.654412746
0.636079125	6.669975281
0.636090718	6.648557186
0.636102269	6.656351566
0.636113851	6.645759583
0.636125431	6.643716335
0.636137002	6.630663395
0.636148583	6.626194477
0.636160147	6.637579441
0.636171725	6.641104698
0.636183312	6.589962959
0.636194902	6.629617214
0.636206437	6.599168301
0.636218027	6.607382298
0.6362296	6.591728687
0.636241175	6.612210274
0.636252745	6.574311256
0.636264324	6.617259026
0.63627589	6.597054958
0.63628746	6.580022335
0.636299043	6.574079037
0.636310632	6.587499142
0.636322201	6.565711975
0.636333754	6.609955788
0.63634533	6.573442459
0.636356911	6.577738285
0.636368501	6.566272736
0.636380065	6.589553356
0.636391631	6.56214571
0.636403212	6.594208241
0.636414774	6.56558609
0.636426352	6.57109499
0.636437936	6.559020042
0.636449501	6.585925579
0.636461081	6.581380844
0.636472635	6.558472157
0.63648424	6.547925949
0.636495826	6.562225819
0.636507372	6.575386524
0.63651894	6.55864954
0.636530508	6.553576469
0.636542101	6.562638283
0.636553667	6.549084663
0.63656525	6.570050716
0.63657682	6.561754227
0.636588378	6.551026344
0.636599978	6.570170879
0.636611539	6.555260181
0.636623123	6.564461231
0.636634685	6.559975147
0.636646265	6.545051098
0.636657845	6.545278072
0.636669426	6.5642066
0.636680993	6.533334732
0.63669255	6.571103096
0.63670414	6.537764072
0.63671571	6.526993752
0.636727267	6.533762455
0.636738867	6.551801205
0.636750438	6.512199402
0.636761991	6.526299477
0.636773581	6.515020371
0.636785156	6.523635864
0.636796732	6.520667553
0.636808285	6.507884502
0.636819878	6.488331795
0.636831454	6.513632774
0.636843012	6.499560833
0.63685458	6.527401447
0.636866157	6.49612236
0.636877737	6.488453865
0.636889311	6.473978519
0.636900881	6.504924297
0.636912471	6.487344742
0.636924042	6.496363163
0.636935603	6.471468449
0.636947215	6.475427151
0.63695875	6.48794651
0.636970341	6.493549347
0.6369819	6.472893238
0.636993489	6.494909287
0.637005055	6.456516266
0.637016649	6.489634991
0.637028223	6.503585339
0.637039797	6.47021389
0.637051359	6.481775761
0.637062959	6.493237972
0.637074514	6.474981785
0.637086083	6.504341602
0.637097666	6.474521637
0.637109209	6.465579987
0.637120799	6.490471363
0.637132389	6.476235867
0.637143954	6.492064476
0.637155526	6.464021683
0.637167092	6.476395607
0.637178674	6.465076447
0.637190235	6.488947392
0.637201819	6.476792812
0.637213405	6.479628086
0.637224953	6.45804739
0.637236543	6.459075928
0.637248126	6.462484837
0.637259695	6.493346691
0.637271259	6.440643311
0.637282852	6.486110687
0.637294417	6.437405586
0.637305981	6.473021984
0.637317588	6.478095532
0.637329121	6.461854458
0.637340712	6.45070076
0.637352271	6.463114739
0.637363851	6.44138813
0.637375427	6.484315395
0.637386997	6.450191021
0.637398587	6.453064919
0.637410178	6.422549248
0.637421718	6.46145916
0.637433297	6.444233418
0.637444878	6.454342842
0.637456448	6.436085224
0.637468007	6.44314909
0.637479596	6.429062843
0.63749117	6.434244633
0.637502762	6.446732044
0.637514333	6.437081337
0.637525904	6.412960053
0.637537458	6.431594849
0.637549039	6.452299595
0.637560627	6.43001318
0.637572182	6.435381413
0.637583748	6.407463551
0.637595353	6.434323311
0.637606903	6.457056046
0.637618488	6.423805714
0.637630044	6.413673401
0.637641645	6.419510841
0.637653214	6.397770405
0.637664785	6.438761711
0.637676356	6.427549362
0.637687936	6.398771286
0.637699507	6.403338909
0.637711066	6.418515682
0.637722653	6.417401314
0.637734234	6.40963316
0.637745804	6.37394762
0.637757386	6.402398586
0.637768962	6.38777113
0.637780538	6.389146328
0.637792101	6.378736019
0.637803669	6.405066967
0.637815235	6.350208759
0.637826805	6.378351688
0.637838407	6.376875877
0.637849971	6.378278256
0.637861539	6.354919434
0.637873116	6.385214329
0.637884703	6.349086762
0.637896262	6.386491776
0.637907833	6.356010437
0.6379194	6.357859612
0.637931002	6.355563164
0.637942561	6.336881161
0.63795415	6.343173504
0.63796569	6.353492737
0.63797731	6.316889286
0.637988872	6.346704006
0.638000419	6.327431679
0.638012017	6.331752777
0.638023562	6.328035355
0.638035153	6.333778858
0.638046743	6.293477058
0.638058315	6.321824551
0.638069891	6.329725266
0.638081454	6.303016663
0.638093027	6.296741486
0.638104583	6.283889771
0.638116185	6.304518223
0.638127735	6.282571793
0.63813931	6.294063568
0.638150885	6.285315037
0.638162455	6.27495575
0.638174033	6.258006573
0.638185607	6.31785965
0.638197195	6.288122654
0.638208764	6.252946377
0.638220324	6.260015488
0.638231926	6.284198761
0.638243494	6.27758646
0.638255064	6.267552376
0.638266634	6.254873276
0.638278214	6.256819725
0.638289779	6.240661621
0.638301349	6.263431072
0.638312943	6.250603676
0.638324515	6.244580269
0.638336079	6.221092224
0.63834764	6.268357754
0.63835923	6.240660191
0.638370801	6.273742199
0.63838239	6.225664616
0.638393954	6.248991489
0.638405519	6.226049423
0.638417084	6.275757313
0.638428689	6.243708134
0.638440268	6.257019043
0.638451835	6.229537964
0.63846339	6.265487194
0.638474971	6.242712975
0.638486543	6.247041225
0.638498104	6.236441135
0.6385097	6.245995998
0.63852125	6.226748943
0.638532828	6.245392323
0.638544421	6.265469074
0.638555982	6.251908779
0.638567552	6.225146294
0.638579119	6.231894493
0.6385907	6.257779598
0.638602284	6.267927647
0.63861386	6.230998516
0.638625418	6.228904724
0.63863701	6.240128517
0.63864857	6.24625349
0.638660138	6.222487927
0.638671733	6.237177849
0.638683303	6.211405277
0.638694861	6.235714912
0.638706445	6.238224506
0.638718011	6.238008976
0.638729624	6.221247196
0.638741168	6.219336033
0.638752745	6.211816311
0.638764325	6.250043869
0.638775897	6.236821652
0.638787453	6.203036308
0.63879906	6.229928017
0.638810625	6.222862721
0.638822206	6.217792511
0.638833752	6.214681149
0.638845326	6.228795528
0.638856899	6.198357105
0.638868494	6.223265648
0.638880048	6.198773384
0.638891626	6.235386848
0.638903209	6.21372509
0.638914773	6.196270466
0.638926375	6.203873158
0.63893793	6.216499806
0.63894949	6.206189156
0.638961108	6.223498821
0.638972663	6.1908741
0.638984225	6.203007221
0.638995787	6.195100784
0.639007368	6.214699268
0.639018951	6.197084904
0.639030508	6.189543724
0.639042115	6.167623043
0.639053685	6.208072186
0.639065252	6.175492287
0.639076805	6.171288967
0.639088397	6.157602787
0.639099962	6.156257629
0.639111531	6.140914917
0.639123122	6.159545422
0.639134683	6.138377667
0.639146254	6.134124279
0.639157822	6.142375469
0.639169422	6.125874996
0.639180998	6.149103642
0.639192564	6.122694016
0.639204147	6.107153893
0.639215696	6.122550964
0.639227266	6.125899792
0.639238853	6.107720852
0.639250433	6.115830421
0.63926199	6.084251881
0.639273566	6.091743946
0.639285158	6.113142014
0.639296723	6.096955776
0.6393083	6.093665123
0.639319867	6.096418381
0.639331448	6.077738762
0.639343014	6.130909443
0.639354598	6.087792873
0.639366177	6.098693848
0.639377733	6.093605518
0.639389336	6.097699642
0.639400896	6.082079887
0.639412455	6.117574215
0.63942403	6.060685635
0.639435618	6.084433556
0.639447189	6.075779915
0.639458756	6.101149082
0.639470345	6.07376051
0.639481928	6.074719429
0.639493492	6.054142952
0.639505066	6.07709837
0.639516628	6.058941841
0.639528194	6.089337349
0.639539776	6.047950745
0.639551374	6.059783936
0.639562921	6.045670033
0.639574521	6.084354878
0.639586082	6.038815498
0.639597679	6.073615074
0.639609257	6.037314415
0.639620795	6.042750359
0.639632394	6.086807251
0.639643953	6.046886444
0.639655527	6.03643322
0.639667103	6.037988663
0.639678684	6.039441109
0.639690258	6.05328083
0.639701846	6.039134026
0.639713405	6.042792797
0.639724986	6.023868561
0.63973656	6.039010048
0.639748127	6.057853222
0.639759701	6.046607971
0.639771252	6.019381046
0.639782834	6.026603699
0.639794394	6.050156117
0.639805991	6.038271427
0.639817566	6.062834263
0.639829138	6.033745289
0.639840696	6.02940321
0.639852267	6.059093952
0.63986386	6.066717625
0.639875456	6.035498619
0.639887013	6.053463936
0.639898579	6.02694273
0.639910161	6.057509899
0.639921742	6.062188149
0.6399333	6.046116829
0.639944904	6.03275919
0.639956443	6.048601627
0.639968033	6.018226147
0.639979595	6.068601131
0.639991182	6.027210236
0.640002773	6.027941227
0.640014306	6.014614582
0.640025884	6.043513298
0.640037486	6.01877594
0.640049049	6.042835712
0.640060622	5.999547958
0.640072183	6.031132221
0.640083765	6.008905888
0.640095342	6.02294445
0.640106898	6.005234242
0.640118474	6.0015378
0.640130052	5.988048077
0.640141632	6.004865646
0.640153225	6.005687714
0.640164796	5.973145962
0.640176341	5.980951309
0.64018792	5.965091705
0.64019952	5.984144688
0.640211069	5.995956421
0.64022265	5.962748528
0.640234228	5.980232716
0.640245806	5.944447517
0.640257387	5.97949791
0.640268955	5.952521324
0.640280547	5.924586773
0.640292082	5.927854538
0.640303658	5.935186863
0.640315244	5.924663067
0.64032682	5.935290337
0.64033838	5.908479691
0.640349973	5.902602196
0.64036156	5.928450584
0.640373107	5.918558121
0.640384689	5.911665916
0.640396278	5.891893387
0.640407832	5.892194748
0.64041941	5.922464848
0.640430986	5.917051315
0.640442555	5.885651112
0.640454138	5.905478478
0.640465693	5.87812233
0.640477286	5.91425705
0.640488847	5.894330502
0.640500438	5.880474091
0.640512	5.85262537
0.640523579	5.880309582
0.640535166	5.864857197
0.64054673	5.889726162
0.6405583	5.828704834
0.640569903	5.859528542
0.640581435	5.824607372
0.640593021	5.825270176
0.640604596	5.821307182
0.640616159	5.811806202
0.640627752	5.778173924
0.640639335	5.807931423
0.640650891	5.803202152
0.64066248	5.794951439
0.640674043	5.792677879
0.640685603	5.772931576
0.640697196	5.782846928
0.640708777	5.812872887
0.640720323	5.765464783
0.640731919	5.765089035
0.640743485	5.789382935
0.640755071	5.777913094
0.640766634	5.82316494
0.640778194	5.797726154
0.640789794	5.779979706
0.640801342	5.779384136
0.640812918	5.797648907
0.6408245	5.790450573
0.640836084	5.798734665
0.640847682	5.770223141
0.640859233	5.790005684
0.640870805	5.802733898
0.640882375	5.797042847
0.640893947	5.807228565
0.640905541	5.786980152
0.640917098	5.775127411
0.640928679	5.830572128
0.640940241	5.783954144
0.640951848	5.827828407
0.640963382	5.776340008
0.640974958	5.821125507
0.640986537	5.785895824
0.640998104	5.820376396
0.641009707	5.786875248
0.641021271	5.782604694
0.641032827	5.776631355
0.641044398	5.815075874
0.641055994	5.788207531
0.641067553	5.799536705
0.641079141	5.769189835
0.641090703	5.797842979
0.64110229	5.763410091
0.64111387	5.774741173
0.641125416	5.769639492
0.641137007	5.755364418
0.641148587	5.780221462
0.641160143	5.783054829
0.641171738	5.750518799
0.641183304	5.76597929
0.641194883	5.724949837
0.641206443	5.743345261
0.641218022	5.763751507
0.641229594	5.725402832
0.641241173	5.709274769
0.641252734	5.716365814
0.641264322	5.687512875
0.641275893	5.727655411
0.641287484	5.71232748
0.641299029	5.693615913
0.641310615	5.714158535
0.641322182	5.715445042
0.641333776	5.701646328
0.641345342	5.711855412
0.64135691	5.714413166
0.641368493	5.690150261
0.641380066	5.71932745
0.641391635	5.707763195
0.641403203	5.698405266
0.641414786	5.681325913
0.641426345	5.694489002
0.64143796	5.703830242
0.641449494	5.713210583
0.641461095	5.676357746
0.641472643	5.708088875
0.641484215	5.657572746
0.641495787	5.705442905
0.641507393	5.669796944
0.641518948	5.681127548
0.641530533	5.64564991
0.641542107	5.682602882
0.641553657	5.659143925
0.64156525	5.684341431
0.641576822	5.632591724
0.641588391	5.64363718
0.641599975	5.645182133
0.641611529	5.647079945
0.64162311	5.632602692
0.641634684	5.637383938
0.641646251	5.598149777
0.641657853	5.643436909
0.641669397	5.643904686
0.641680976	5.610646248
0.641692559	5.609093666
0.641704148	5.609866142
0.641715714	5.599785805
0.641727281	5.633862495
0.64173886	5.574083328
0.641750444	5.600147724
0.641762032	5.592466831
0.641773579	5.581445694
0.641785157	5.623158455
0.641796716	5.596040249
0.641808294	5.567050457
0.641819874	5.565850258
0.641831438	5.586990833
0.641843025	5.578939915
0.641854614	5.590798378
0.641866159	5.543589592
0.641877737	5.56086874
0.641889318	5.573771
0.641900889	5.55325079
0.641912474	5.529155254
0.641924054	5.515452385
0.641935603	5.532813072
0.641947177	5.556283951
0.641958771	5.51412344
0.641970341	5.50436163
0.641981927	5.499004841
0.641993491	5.504270554
0.642005064	5.501785278
0.642016623	5.510502815
0.642028216	5.418615818
0.642039802	5.440434456
0.642051346	5.433185101
0.642062923	5.651990891
0.642074492	5.76907301
0.642086087	5.797122955
0.642097665	5.780375958
0.642109232	5.837001324
0.64212081	5.790315151
0.642132385	5.740632534
0.64214395	5.659692287
0.642155532	5.676755905
0.642167089	5.611889362
0.642178663	5.612324715
0.642190261	5.579937935
0.642201836	5.572068691
0.642213412	5.530073643
0.642224969	5.51657629
0.642236531	5.444358349
0.642248134	5.41857338
0.642259676	5.390610218
0.642271251	5.370451927
0.642282824	5.3309412
0.642294402	5.319316864
0.642305976	5.28946352
0.642317574	5.287855625
0.642329154	5.282262325
0.642340702	5.283415794
0.642352284	5.250908852
0.642363862	5.258984566
0.642375437	5.227569103
0.642387007	5.249629974
0.642398574	5.210016251
0.642410165	5.202821732
0.642421739	5.181619644
0.642433301	5.180888176
0.642444868	5.175630093
0.64245645	5.17988348
0.642468012	5.157841206
0.642479583	5.169850349
0.64249117	5.164998531
0.642502755	5.161787033
0.642514336	5.154276371
0.642525902	5.147922516
0.642537454	5.146209717
0.642549058	5.140023232
0.642560634	5.137129784
0.642572198	5.131637573
0.642583751	5.118257999
0.642595344	5.107758045
0.64260692	5.112228394
0.642618489	5.109756947
0.642630048	5.10960722
0.642641628	5.101312161
0.642653208	5.086084366
0.642664781	5.042406082
0.642676344	5.020767212
0.64268794	4.993010521
0.642699522	4.98519659
0.642711074	4.959398747
0.642722643	4.958464146
0.642734214	4.933514595
0.642745806	4.919667721
0.642757367	4.867243767
0.642768963	4.765777588
0.642780511	4.816663265
0.642792105	4.83792448
0.642803666	4.815123081
0.642815257	4.830111504
0.642826837	4.802353859
0.6428384	4.810782433
0.642849974	4.765249729
0.642861529	4.776914597
0.642873106	4.747112274
0.642884706	4.772422314
0.642896277	4.748215199
0.642907857	4.771689415
0.642919419	4.73693943
0.642930975	4.751785278
0.642942571	4.725713253
0.642954149	4.738594532
0.642965717	4.709952354
0.642977286	4.710952282
0.642988859	4.693416596
0.643000422	4.697572231
0.643011996	4.675652504
0.643023582	4.684682846
0.643035168	4.657597065
0.643046713	4.653375626
0.643058313	4.64739275
0.643069883	4.644582748
0.643081455	4.630861759
0.64309304	4.614350319
0.643104599	4.585838318
0.643116158	4.565380096
0.643127738	4.540554524
0.643139335	4.509070396
0.643150882	4.498460293
0.643162479	4.474933624
0.643174062	4.473036289
0.64318562	4.454679012
0.643197205	4.451517582
0.643208782	4.42692852
0.643220338	4.433695316
0.643231906	4.412867546
0.643243473	4.425669193
0.643255068	4.410454273
0.643266635	4.422720432
0.64327824	4.402134895
0.643289802	4.402538776
0.643301363	4.314558983
0.643312917	4.283668518
0.643324492	4.239012718
0.643336094	4.241094589
0.643347661	4.205456257
0.643359227	4.213659287
0.643370796	4.184160709
0.643382362	4.254821777
0.643393951	4.204248905
0.643405524	4.222604275
0.643417086	4.183718681
0.64342868	4.158895969
0.643440247	4.162995338
0.643451839	4.14119339
0.6434634	4.135914803
0.643474971	4.12882185
0.643486529	4.094943047
0.643498123	4.097648621
0.643509702	4.098644733
0.643521252	4.094933987
0.643532837	4.087993145
0.64354442	4.054327011
0.643555975	4.054246903
0.643567553	4.065196991
0.643579142	4.039719105
0.64359072	4.018509865
0.643602291	4.026927948
0.643613858	3.995543003
0.643625448	4.047793865
0.64363702	4.017213821
0.643648589	4.014090061
0.643660144	4.003615379
0.643671741	4.01773262
0.64368331	4.015199184
0.643694904	4.042729378
0.643706463	3.996089935
0.643718014	4.012242317
0.643729591	4.023929596
0.643741166	4.022601128
0.643752752	4.019918919
0.643764307	3.997992992
0.643775895	3.978632927
0.643787465	4.010729313
0.643799031	3.970020056
0.643810605	3.951758146
0.643822207	3.917336226
0.643833771	3.92867136
0.643845331	3.929486752
0.643856919	3.946030617
0.643868485	3.948768854
0.643880076	3.937557459
0.643891644	3.9158535
0.643903228	3.953199148
0.643914787	3.951751947
0.643926387	3.949968576
0.643937939	3.927113533
0.643949492	3.946486235
0.643961086	3.953064442
0.643972645	3.971802473
0.643984236	3.951544523
0.643995807	3.961061716
0.644007377	3.948622942
0.644018952	3.984673262
0.644030545	3.959742785
0.644042107	3.95853138
0.644053677	3.929072857
0.644065253	3.944426775
0.644076821	3.970704317
0.644088402	3.922558069
0.644099969	3.92407012
0.644111533	3.927523851
0.644123105	3.917615652
0.6441347	3.918663502
0.644146282	3.931243181
0.64415784	3.887554646
0.644169427	3.906382799
0.64418098	3.871753216
0.644192567	3.878873587
0.64420415	3.899590492
0.644215705	3.864994526
0.644227276	3.843792439
0.644238874	3.872075796
0.644250428	3.851701498
0.644262014	3.876708984
0.644273566	3.839170218
0.644285148	3.846434832
0.644296736	3.828540087
0.644308318	3.892447472
0.644319881	3.832079649
0.644331439	3.844912291
0.644343016	3.804855347
0.644354599	3.841345787
0.644366189	3.840126991
0.644377754	3.825439692
0.644389307	3.820230484
0.644400892	3.830990076
0.644412481	3.794856072
0.644424059	3.822152376
0.644435625	3.792244911
0.644447188	3.796161652
0.64445877	3.785780668
0.644470338	3.808959723
0.644481901	3.780250549
0.644493496	3.815187216
0.644505063	3.758407593
0.644516664	3.773184776
0.644528226	3.774362326
0.644539789	3.779674768
0.644551375	3.785937071
0.644562931	3.767443895
0.644574514	3.763774395
0.644586081	3.771732807
0.644597674	3.815750837
0.644609225	3.761440277
0.644620808	3.756733656
0.644632365	3.757733822
0.644643945	3.790546894
0.644655519	3.770902872
0.644667114	3.746980906
0.644678674	3.754727602
0.644690254	3.765197992
0.644701825	3.751699925
0.644713397	3.780643463
0.644724973	3.748954296
0.644736553	3.73485446
0.644748119	3.750048637
0.644759685	3.774511576
0.64477126	3.745521069
0.644782833	3.758346558
0.644794415	3.731411219
0.644805981	3.739431143
0.644817573	3.747610092
0.644829134	3.730172634
0.644840713	3.707892895
0.644852277	3.721697092
0.644863847	3.697634697
0.64487542	3.72001648
0.644887007	3.729081154
0.644898572	3.69825244
0.644910157	3.69726634
0.644921735	3.722178936
0.644933311	3.710862875
0.644944865	3.72503686
0.644956467	3.678707838
0.644968041	3.692290783
0.644979589	3.689055681
0.644991184	3.709964275
0.645002754	3.690872431
0.645014332	3.701324225
0.645025902	3.653735638
0.645037474	3.70063138
0.645049056	3.704736948
0.645060617	3.683642864
0.645072179	3.693756819
0.645083779	3.67968297
0.64509533	3.689006567
0.6451069	3.722797155
0.6451185	3.683174849
0.645130094	3.675407648
0.645141628	3.698700905
0.645153198	3.677949429
0.645164793	3.706204176
0.645176349	3.712711334
0.645187937	3.665245533
0.645199536	3.66532445
0.645211098	3.68983984
0.645222667	3.689679146
0.645234237	3.69537735
0.645245808	3.647621393
0.645257373	3.657587767
0.645268944	3.676858902
0.64528053	3.68239665
0.645292098	3.668399096
0.645303671	3.664467096
0.645315267	3.634870291
0.645326813	3.694214106
0.645338396	3.655914545
0.645349985	3.661365748
0.645361568	3.637188673
0.645373108	3.643274069
0.645384685	3.643394709
0.645396291	3.691035748
0.645407867	3.621917963
0.645419411	3.639894247
0.645430997	3.627983093
0.645442572	3.649923325
0.645454154	3.657865048
0.645465728	3.633234739
0.645477287	3.614870787
0.645488847	3.625860691
0.645500441	3.64032054
0.645512022	3.646226168
0.645523587	3.638400078
0.645535156	3.620744944
0.645546721	3.586423397
0.645558291	3.629689694
0.645569894	3.599156618
0.645581458	3.615054369
0.645593029	3.587937355
0.645604591	3.588830471
0.645616167	3.607401133
0.645627734	3.609088659
0.645639308	3.574740648
0.645650897	3.583113909
0.645662457	3.582652092
0.645674036	3.589775562
0.645685624	3.605057478
0.645697201	3.562874556
0.645708775	3.561066151
0.645720356	3.596007586
0.645731926	3.583728552
0.645743498	3.571982861
0.645755073	3.582216263
0.645766657	3.56123662
0.645778198	3.595453262
0.645789803	3.571949482
0.645801345	3.582774639
0.645812921	3.568849564
0.645824512	3.569750547
0.645836097	3.551007271
0.645847642	3.602107763
0.645859232	3.561264038
0.6458708	3.565447092
0.645882386	3.565175772
0.645893945	3.579696178
0.645905536	3.557367563
0.645917107	3.589839459
0.645928661	3.543822527
0.645940266	3.566298962
0.645951831	3.562293768
0.645963387	3.561491966
0.645974989	3.561610937
0.645986565	3.547992706
0.645998111	3.535094261
0.646009707	3.585603714
0.646021275	3.538705826
0.646032859	3.564493179
0.64604443	3.533825398
0.646055977	3.537872553
0.646067568	3.52940917
0.646079122	3.559538603
0.646090714	3.525060177
0.646102286	3.53826189
0.646113865	3.518259525
0.646125429	3.530268908
0.646136996	3.557967663
0.64614857	3.527686834
0.646160146	3.52680397
0.646171717	3.529250145
0.646183292	3.521580935
0.646194868	3.539506674
0.64620644	3.525327444
0.64621803	3.510746241
0.646229609	3.516215086
0.646241164	3.51649785
0.646252778	3.513609171
0.646264316	3.526610136
0.646275892	3.50375557
0.646287478	3.489958525
0.646299061	3.535595655
0.646310619	3.50684309
0.6463222	3.523011923
0.646333753	3.49466157
0.646345343	3.499021769
0.646356929	3.506771803
0.646368496	3.541481495
0.64638008	3.490175247
0.646391653	3.528260708
0.646403226	3.49222517
0.646414789	3.513200998
0.646426378	3.516313791
0.646437937	3.513167858
0.646449498	3.47890687
0.646461087	3.518014193
0.646472668	3.485923052
0.646484239	3.541601896
0.646495798	3.514283657
0.646507382	3.489015579
0.646518965	3.507000446
0.646530514	3.507055998
0.646542091	3.502613068
0.646553662	3.509581804
0.646565246	3.485366821
0.646576822	3.473461151
0.646588399	3.482333899
0.646599985	3.508548021
0.646611559	3.486839294
0.646623124	3.487972498
0.646634689	3.462527275
0.646646287	3.465478659
0.64665785	3.48824048
0.64666942	3.485499859
0.646680977	3.464008808
0.646692561	3.49591136
0.646704135	3.443914414
0.646715727	3.497050762
0.646727276	3.488356829
0.646738869	3.472547054
0.646750434	3.450928927
0.646762018	3.462245464
0.646773601	3.454236031
0.646785148	3.414596558
0.64679673	3.4161551
0.646808306	3.415499449
0.646819891	3.416759729
0.646831445	3.416753054
0.646843044	3.417363882
0.646854591	3.418967962
0.646866177	3.418043613
0.646877746	3.419146061
0.646889328	3.419455051
0.64690089	3.419997692
